3775.3281598967 1.0011029243 0.0002262278 TESS
3775.3302432300 1.0017923117 0.0002552921 TESS
3775.3323265634 1.0011843443 0.0002346776 TESS
3775.3344098967 1.0012528896 0.0002552367 TESS
3775.3364932300 1.0016088486 0.0002346513 TESS
3775.3385765634 1.0017563105 0.0002553085 TESS
3775.3406598967 1.0016274452 0.0002346492 TESS
3775.3427432300 1.0016090870 0.0002552699 TESS
3775.3448265634 1.0018378496 0.0002346795 TESS
3775.3469098967 1.0011360645 0.0002551814 TESS
3775.3489932300 1.0014362335 0.0002346199 TESS
3775.3510765634 1.0015289783 0.0002552465 TESS
3775.3531598967 1.0016115904 0.0002346437 TESS
3775.3552432300 1.0014421940 0.0002552238 TESS
3775.3573265634 1.0014314651 0.0002346909 TESS
3775.3594098967 1.0013308525 0.0002552147 TESS
3775.3614932300 1.0018315315 0.0002346633 TESS
3775.3635765634 1.0008583069 0.0002551604 TESS
3775.3656598967 1.0014609098 0.0002346158 TESS
3775.3677432300 1.0012310743 0.0002551695 TESS
3775.3698265634 1.0015077591 0.0002346324 TESS
3775.3719098967 1.0016565323 0.0002552339 TESS
3775.3739932300 1.0013564825 0.0002346121 TESS
3775.3760765634 1.0012648106 0.0002552070 TESS
3775.3781598967 1.0013102293 0.0002345788 TESS
3775.3802432300 1.0011726618 0.0002551913 TESS
3775.3823265634 1.0021076202 0.0002346563 TESS
3775.3844098967 1.0016437769 0.0002552525 TESS
3775.3864932300 1.0013588667 0.0002345653 TESS
3775.3885765634 1.0009908676 0.0002551466 TESS
3775.3906598967 1.0014339685 0.0002345984 TESS
3775.3927432300 1.0010297298 0.0002551605 TESS
3775.3948265634 1.0015822649 0.0002346180 TESS
3775.3969098967 1.0012428761 0.0002551839 TESS
3775.3989932300 1.0014923811 0.0002346001 TESS
3775.4010765634 1.0011373758 0.0002551869 TESS
3775.4031598967 1.0016647577 0.0002346334 TESS
3775.4052432300 1.0010881424 0.0002551964 TESS
3775.4073265634 1.0009933710 0.0002346041 TESS
3775.4094098967 1.0013053417 0.0002552178 TESS
3775.4114932300 1.0010418892 0.0002345400 TESS
3775.4135765634 1.0017709732 0.0002552179 TESS
3775.4156598967 1.0016362667 0.0002346701 TESS
3775.4177432300 1.0011895895 0.0002551730 TESS
3775.4198265634 1.0016947985 0.0002346116 TESS
3775.4219098967 1.0012674332 0.0002551642 TESS
3775.4239932300 1.0012809038 0.0002345578 TESS
3775.4260765634 1.0013856888 0.0002551737 TESS
3775.4281598967 1.0012085438 0.0002345954 TESS
3775.4302432300 1.0014342070 0.0002551825 TESS
3775.4323265634 1.0015448332 0.0002345902 TESS
3775.4344098967 1.0013810396 0.0002551729 TESS
3775.4364932300 1.0009446144 0.0002345357 TESS
3775.4385765634 1.0011376143 0.0002551478 TESS
3775.4406598967 1.0011891127 0.0002345651 TESS
3775.4427432300 1.0014092922 0.0002552086 TESS
3775.4448265634 1.0004308224 0.0002344882 TESS
3775.4469098967 1.0013047457 0.0002551644 TESS
3775.4489932300 1.0011180639 0.0002345741 TESS
3775.4510765634 1.0008902550 0.0002551097 TESS
3775.4531598967 1.0011103153 0.0002345992 TESS
3775.4552432300 1.0014497042 0.0002551853 TESS
3775.4573265634 1.0005418062 0.0002345168 TESS
3775.4594098967 1.0011377335 0.0002551404 TESS
3775.4614932300 1.0011889935 0.0002345789 TESS
3775.4635765634 1.0009081364 0.0002551267 TESS
3775.4656598967 1.0012259483 0.0002345814 TESS
3775.4677432300 1.0013908148 0.0002551750 TESS
3775.4698265634 1.0009901524 0.0002345394 TESS
3775.4719098967 1.0008301735 0.0002551100 TESS
3775.4739932300 1.0008502007 0.0002345154 TESS
3775.4760765634 1.0009524822 0.0002551488 TESS
3775.4781598967 1.0012608767 0.0002345871 TESS
3775.4802432300 1.0011594296 0.0002551209 TESS
3775.4823265634 1.0011837482 0.0002345291 TESS
3775.4844098967 1.0008263588 0.0002551106 TESS
3775.4864932300 1.0008217096 0.0002345219 TESS
3775.4885765634 1.0009659529 0.0002550941 TESS
3775.4906598967 1.0008378029 0.0002344796 TESS
3775.4927432300 1.0006502867 0.0002550646 TESS
3775.4948265634 1.0010157824 0.0002346351 TESS
3775.4969098967 1.0001711845 0.0002550117 TESS
3775.4989932300 0.9993956089 0.0002343404 TESS
3775.5010765634 0.9987627864 0.0002548643 TESS
3775.5031598967 0.9976009130 0.0002341477 TESS
3775.5052432300 0.9971245527 0.0002546857 TESS
3775.5073265634 0.9966297150 0.0002340721 TESS
3775.5094098967 0.9969159365 0.0002546423 TESS
3775.5114932300 0.9967465997 0.0002340592 TESS
3775.5135765634 0.9968398213 0.0002546136 TESS
3775.5156598967 0.9962369800 0.0002340325 TESS
3775.5177432300 0.9968212843 0.0002546208 TESS
3775.5198265634 0.9962462783 0.0002339979 TESS
3775.5219098967 0.9958240390 0.0002545014 TESS
3775.5239932300 0.9966760278 0.0002340164 TESS
3775.5260765634 0.9965709448 0.0002545590 TESS
3775.5281598967 0.9957110882 0.0002339596 TESS
3775.5302432300 0.9966360331 0.0002546107 TESS
3775.5323265634 0.9957405329 0.0002339357 TESS
3775.5344098967 0.9961760640 0.0002545604 TESS
3775.5364932300 0.9961900115 0.0002340267 TESS
3775.5385765634 0.9961261749 0.0002545477 TESS
3775.5406598967 0.9956629276 0.0002339232 TESS
3775.5427432300 0.9958430529 0.0002544902 TESS
3775.5448265634 0.9957145452 0.0002339214 TESS
3775.5469098967 0.9957841039 0.0002545148 TESS
3775.5489932300 0.9956138730 0.0002339499 TESS
3775.5510765634 0.9955358505 0.0002544542 TESS
3775.5531598967 0.9960908294 0.0002339722 TESS
3775.5552432300 0.9956921339 0.0002544960 TESS
3775.5573265634 0.9957180023 0.0002339419 TESS
3775.5594098967 0.9957759976 0.0002544870 TESS
3775.5614932300 0.9958514571 0.0002339674 TESS
3775.5635765634 0.9954293370 0.0002544591 TESS
3775.5656598967 0.9956487417 0.0002339208 TESS
3775.5677432300 0.9957118034 0.0002544442 TESS
3775.5698265634 0.9955363870 0.0002339103 TESS
3775.5719098967 0.9953144789 0.0002668917 TESS
3775.5739932300 0.9957008958 0.0002339299 TESS
3775.5760765634 0.9956847429 0.0002544377 TESS
3775.5781598967 0.9954347014 0.0002339080 TESS
3775.5802432300 0.9954088926 0.0002544352 TESS
3775.5823265634 0.9954433441 0.0002338784 TESS
3775.5844098967 0.9956978559 0.0002544913 TESS
3775.5864932300 0.9951961040 0.0002338538 TESS
3775.5885765634 0.9952160120 0.0002543822 TESS
3775.5906598967 0.9948835373 0.0002338314 TESS
3775.5927432300 0.9951292276 0.0002543974 TESS
3775.5948265634 0.9955913424 0.0002338889 TESS
3775.5969098967 0.9951798320 0.0002543998 TESS
3775.5989932300 0.9955682158 0.0002339498 TESS
3775.6010765634 0.9950441122 0.0002543983 TESS
3775.6031598967 0.9952134490 0.0002338711 TESS
3775.6052432300 0.9959098697 0.0002544967 TESS
3775.6073265634 0.9955615997 0.0002339226 TESS
3775.6094098967 0.9954974055 0.0002544228 TESS
3775.6114932300 0.9953964353 0.0002338793 TESS
3775.6135765634 0.9953570366 0.0002544637 TESS
3775.6156598967 0.9952971935 0.0002338561 TESS
3775.6177432300 0.9951630831 0.0002543972 TESS
3775.6198265634 0.9953905344 0.0002338646 TESS
3775.6219098967 0.9954767227 0.0002544009 TESS
3775.6239932300 0.9952998757 0.0002338761 TESS
3775.6260765634 0.9957352877 0.0002544203 TESS
3775.6281598967 0.9951285720 0.0002338326 TESS
3775.6302432300 0.9953304529 0.0002543930 TESS
3775.6323265634 0.9955654740 0.0002338686 TESS
3775.6344098967 0.9959313273 0.0002544684 TESS
3775.6364932300 0.9961183071 0.0002339707 TESS
3775.6385765634 0.9961962700 0.0002544685 TESS
3775.6406598967 0.9955552816 0.0002338711 TESS
3775.6427432300 0.9956666827 0.0002544296 TESS
3775.6448265634 0.9954198599 0.0002339227 TESS
3775.6469098967 0.9954582453 0.0002544489 TESS
3775.6489932300 0.9961600900 0.0002339472 TESS
3775.6510765634 0.9956132174 0.0002543778 TESS
3775.6531598967 0.9961309433 0.0002339353 TESS
3775.6552432300 0.9957295656 0.0002544357 TESS
3775.6573265634 0.9957632422 0.0002339026 TESS
3775.6594098967 0.9961269498 0.0002545078 TESS
3775.6614932300 0.9956837296 0.0002339353 TESS
3775.6635765634 0.9964515567 0.0002545292 TESS
3775.6656598967 0.9959167242 0.0002339089 TESS
3775.6677432300 0.9967764020 0.0002545387 TESS
3775.6698265634 0.9969242215 0.0002340200 TESS
3775.6719098967 0.9981287718 0.0002546886 TESS
3775.6739932300 0.9988224506 0.0002342053 TESS
3775.6760765634 0.9995371699 0.0002548447 TESS
3775.6781598967 0.9996842742 0.0002343138 TESS
3775.6802432300 1.0005338192 0.0002549726 TESS
3775.6823265634 0.9999058247 0.0002343499 TESS
3775.6844098967 1.0002810955 0.0002549564 TESS
3775.6864932300 0.9999415874 0.0002343421 TESS
3775.6885765634 0.9996818304 0.0002549110 TESS
3775.6906598967 1.0001088381 0.0002343441 TESS
3775.6927432300 0.9999799728 0.0002549011 TESS
3775.6948265634 1.0002014637 0.0002343634 TESS
3775.6969098967 1.0003573895 0.0002549913 TESS
3775.6989932300 1.0002418756 0.0002343799 TESS
3775.7010765634 0.9999704361 0.0002548949 TESS
3775.7031598967 1.0001440048 0.0002343330 TESS
3775.7052432300 1.0001035929 0.0002548899 TESS
3775.7073265634 0.9999480844 0.0002343062 TESS
3775.7094098967 1.0005333424 0.0002550104 TESS
3775.7114932300 1.0002520084 0.0002343564 TESS
3775.7135765634 1.0004225969 0.0002550537 TESS
3775.7156598967 1.0005054474 0.0002344031 TESS
3775.7177432300 1.0004098415 0.0002549744 TESS
3775.7198265634 1.0003360510 0.0002343688 TESS
3775.7219098967 1.0008571148 0.0002550218 TESS
3775.7239932300 1.0001794100 0.0002343469 TESS
3775.7260765634 1.0000177622 0.0002549059 TESS
3775.7281598967 1.0000993013 0.0002343374 TESS
3775.7302432300 0.9996659756 0.0002673454 TESS
3775.7323265634 1.0004101992 0.0002343784 TESS
3775.7344098967 0.9999559522 0.0002548967 TESS
3775.7364932300 0.9995452762 0.0002342812 TESS
3775.7385765634 0.9999373555 0.0002548900 TESS
3775.7406598967 0.9999075532 0.0002344465 TESS
3775.7427432300 1.0001585484 0.0002549141 TESS
3775.7448265634 1.0003174543 0.0002344398 TESS
3775.7469098967 0.9996581078 0.0002548455 TESS
3775.7489932300 0.9998654723 0.0002343038 TESS
3775.7510765634 0.9999557734 0.0002549243 TESS
3775.7531598967 0.9999391437 0.0002343093 TESS
3775.7552432300 1.0003812313 0.0002549202 TESS
3775.7573265634 0.9998986721 0.0002343082 TESS
3775.7594098967 1.0004425049 0.0002549571 TESS
3775.7614932300 1.0003608465 0.0002344158 TESS
3775.7635765634 1.0005931854 0.0002549630 TESS
3775.7656598967 1.0003782511 0.0002343237 TESS
3775.7677432300 1.0005047321 0.0002549690 TESS
3775.7698265634 0.9998552203 0.0002342969 TESS
3775.7719098967 0.9996747971 0.0002548725 TESS
3775.7739932300 1.0003613234 0.0002343349 TESS
3775.7760765634 0.9999810457 0.0002549066 TESS
3775.7781598967 1.0000774860 0.0002343454 TESS
3775.7802432300 1.0008280277 0.0002549630 TESS
3775.7823265634 1.0002847910 0.0002436962 TESS
3775.7844098967 1.0004742146 0.0002549497 TESS
3775.7864932300 1.0001956224 0.0002343582 TESS
3775.7885765634 0.9998756647 0.0002549024 TESS
3775.7906598967 1.0004694462 0.0002343578 TESS
3775.7927432300 1.0003240108 0.0002549379 TESS
3775.7948265634 1.0001444817 0.0002343398 TESS
3775.7969098967 1.0003057718 0.0002549428 TESS
3775.7989932300 1.0003730059 0.0002343214 TESS
3775.8010765634 1.0003751516 0.0002549492 TESS
3775.8031598967 1.0004324913 0.0002343381 TESS
3775.8052432300 0.9999837875 0.0002548793 TESS
3775.8073265634 1.0002256632 0.0002343401 TESS
3775.8094098967 1.0000059605 0.0002549588 TESS
3775.8114932300 1.0003557205 0.0002343384 TESS
3775.8135765634 0.9999165535 0.0002548667 TESS
3775.8156598967 1.0003898144 0.0002343317 TESS
3775.8177432300 1.0000731945 0.0002549079 TESS
3775.8198265634 0.9996753335 0.0002343003 TESS
3775.8219098967 0.9998062253 0.0002548995 TESS
3775.8239932300 0.9996704459 0.0002342858 TESS
3775.8260765634 1.0004798174 0.0002549232 TESS
3775.8281598967 0.9999508262 0.0002343299 TESS
3775.8302432300 0.9997089505 0.0002548990 TESS
3775.8323265634 1.0000629425 0.0002343146 TESS
3775.8344098967 0.9996767044 0.0002548511 TESS
3775.8364932300 0.9997455478 0.0002989202 TESS
3778.5802432300 1.0013442039 0.0004855132 TESS
3778.5823265634 1.0006457567 0.0002345124 TESS
3778.5844098967 1.0008132458 0.0002551392 TESS
3778.5864932300 1.0003366470 0.0002344879 TESS
3778.5885765634 0.9999243021 0.0002550171 TESS
3778.5906598967 1.0008513927 0.0002345278 TESS
3778.5927432300 1.0000804663 0.0002550302 TESS
3778.5948265634 1.0006833076 0.0002345142 TESS
3778.5969098967 1.0000154972 0.0002550318 TESS
3778.5989932300 1.0004948378 0.0002345356 TESS
3778.6010765634 1.0005079508 0.0002551530 TESS
3778.6031598967 1.0001899004 0.0002344856 TESS
3778.6052432300 1.0005782843 0.0002551021 TESS
3778.6073265634 1.0005973577 0.0002345077 TESS
3778.6094098967 0.9999190569 0.0002550030 TESS
3778.6114932300 1.0004863739 0.0002344786 TESS
3778.6135765634 0.9998359680 0.0002550027 TESS
3778.6156598967 1.0015091896 0.0002347058 TESS
3778.6177432300 1.0005686283 0.0002551442 TESS
3778.6198265634 1.0003592968 0.0002344578 TESS
3778.6219098967 1.0002877712 0.0002550988 TESS
3778.6239932300 1.0005484819 0.0002345053 TESS
3778.6260765634 1.0005691051 0.0002550944 TESS
3778.6281598967 1.0008918047 0.0002345233 TESS
3778.6302432300 1.0004881620 0.0002550719 TESS
3778.6323265634 0.9999593496 0.0002344584 TESS
3778.6344098967 1.0001113415 0.0002550408 TESS
3778.6364932300 1.0001885891 0.0002344641 TESS
3778.6385765634 1.0007778406 0.0002551030 TESS
3778.6406598967 1.0005612373 0.0002345095 TESS
3778.6427432300 1.0005129576 0.0002675716 TESS
3778.6448265634 1.0000280142 0.0002344225 TESS
3778.6469098967 1.0002833605 0.0002550797 TESS
3778.6489932300 1.0003498793 0.0002344439 TESS
3778.6510765634 1.0008305311 0.0002551281 TESS
3778.6531598967 1.0006328821 0.0002345189 TESS
3778.6552432300 1.0002863407 0.0002550377 TESS
3778.6573265634 1.0007421970 0.0002345075 TESS
3778.6594098967 1.0004996061 0.0002551016 TESS
3778.6614932300 1.0000704527 0.0002344348 TESS
3778.6635765634 0.9999847412 0.0002550378 TESS
3778.6656598967 1.0003275871 0.0002344728 TESS
3778.6677432300 1.0002281666 0.0002551406 TESS
3778.6698265634 1.0002655983 0.0002344899 TESS
3778.6719098967 1.0003796816 0.0002551540 TESS
3778.6739932300 1.0007064342 0.0002345185 TESS
3778.6760765634 1.0005333424 0.0002551098 TESS
3778.6781598967 1.0003566742 0.0002345179 TESS
3778.6802432300 1.0001703501 0.0002550476 TESS
3778.6823265634 1.0001498461 0.0002344657 TESS
3778.6844098967 1.0001633167 0.0002550838 TESS
3778.6864932300 1.0004593134 0.0002345224 TESS
3778.6885765634 1.0005401373 0.0002551594 TESS
3778.6906598967 0.9998779893 0.0002344770 TESS
3778.6927432300 1.0002617836 0.0002551659 TESS
3778.6948265634 1.0004602671 0.0002344983 TESS
3778.6969098967 1.0004007816 0.0002551017 TESS
3778.6989932300 1.0005437136 0.0002345511 TESS
3778.7010765634 1.0003763437 0.0002551142 TESS
3778.7031598967 1.0003979206 0.0002345151 TESS
3778.7052432300 1.0002951622 0.0002550875 TESS
3778.7073265634 1.0002382994 0.0002345054 TESS
3778.7094098967 1.0003921986 0.0002550966 TESS
3778.7114932300 1.0002694130 0.0002344549 TESS
3778.7135765634 1.0004669428 0.0002551107 TESS
3778.7156598967 1.0005550385 0.0002344953 TESS
3778.7177432300 0.9999863505 0.0002550395 TESS
3778.7198265634 1.0005329847 0.0002344952 TESS
3778.7219098967 0.9999286532 0.0002550436 TESS
3778.7239932300 0.9998872280 0.0002344659 TESS
3778.7260765634 1.0000336170 0.0002550886 TESS
3778.7281598967 0.9999297857 0.0002344733 TESS
3778.7302432300 0.9996575117 0.0002550526 TESS
3778.7323265634 0.9998441935 0.0002344676 TESS
3778.7344098967 1.0006231070 0.0002551380 TESS
3778.7364932300 1.0005971193 0.0002345125 TESS
3778.7385765634 1.0001758337 0.0002551348 TESS
3778.7406598967 1.0003998280 0.0002345087 TESS
3778.7427432300 1.0005793571 0.0002551214 TESS
3778.7448265634 0.9996584058 0.0002344731 TESS
3778.7469098967 1.0000036955 0.0002550672 TESS
3778.7489932300 0.9993169308 0.0002344133 TESS
3778.7510765634 0.9993712306 0.0002549982 TESS
3778.7531598967 0.9978748560 0.0002342842 TESS
3778.7552432300 0.9970158339 0.0002547208 TESS
3778.7573265634 0.9958793521 0.0002340637 TESS
3778.7594098967 0.9958816767 0.0002546244 TESS
3778.7614932300 0.9967831969 0.0002341398 TESS
3778.7635765634 0.9955185652 0.0002545929 TESS
3778.7656598967 0.9959788918 0.0002340773 TESS
3778.7677432300 0.9957917333 0.0002546033 TESS
3778.7698265634 0.9952788949 0.0002339829 TESS
3778.7719098967 0.9954719543 0.0002545759 TESS
3778.7739932300 0.9956817627 0.0002340276 TESS
3778.7760765634 0.9951511621 0.0002545396 TESS
3778.7781598967 0.9955938458 0.0002340323 TESS
3778.7802432300 0.9951708913 0.0002545172 TESS
3778.7823265634 0.9954264760 0.0002433600 TESS
3778.7844098967 0.9958525896 0.0002545989 TESS
3778.7864932300 0.9952962399 0.0002339918 TESS
3778.7885765634 0.9953368902 0.0002545572 TESS
3778.7906598967 0.9946975112 0.0002339443 TESS
3778.7927432300 0.9949795008 0.0002545236 TESS
3778.7948265634 0.9946859479 0.0002339501 TESS
3778.7969098967 0.9946039319 0.0002545004 TESS
3778.7989932300 0.9949876666 0.0002339640 TESS
3778.8010765634 0.9948185086 0.0002544939 TESS
3778.8031598967 0.9947350025 0.0002339468 TESS
3778.8052432300 0.9947635531 0.0002545097 TESS
3778.8073265634 0.9948012829 0.0002339627 TESS
3778.8094098967 0.9951876402 0.0002545353 TESS
3778.8114932300 0.9944362044 0.0002339290 TESS
3778.8135765634 0.9946939349 0.0002544828 TESS
3778.8156598967 0.9946098924 0.0002339185 TESS
3778.8177432300 0.9949331284 0.0002545373 TESS
3778.8198265634 0.9948784709 0.0002433109 TESS
3778.8219098967 0.9951778650 0.0002545434 TESS
3778.8239932300 0.9946780801 0.0002339603 TESS
3778.8260765634 0.9949107170 0.0002545090 TESS
3778.8281598967 0.9949348569 0.0002339533 TESS
3778.8302432300 0.9949320555 0.0002545043 TESS
3778.8323265634 0.9951425195 0.0002339956 TESS
3778.8344098967 0.9948035479 0.0002544935 TESS
3778.8364932300 0.9949478507 0.0002339896 TESS
3778.8385765634 0.9943702817 0.0002544668 TESS
3778.8406598967 0.9948244691 0.0002339562 TESS
3778.8427432300 0.9946977496 0.0002544989 TESS
3778.8448265634 0.9945764542 0.0002339784 TESS
3778.8469098967 0.9941102266 0.0002544462 TESS
3778.8489932300 0.9949975610 0.0002340037 TESS
3778.8510765634 0.9949331284 0.0002545924 TESS
3778.8531598967 0.9947977066 0.0002339627 TESS
3778.8552432300 0.9946691394 0.0002544981 TESS
3778.8573265634 0.9947229028 0.0002339610 TESS
3778.8594098967 0.9946848154 0.0002544878 TESS
3778.8614932300 0.9949213266 0.0002339849 TESS
3778.8635765634 0.9949061275 0.0002545031 TESS
3778.8656598967 0.9950334430 0.0002339917 TESS
3778.8677432300 0.9950643778 0.0002545505 TESS
3778.8698265634 0.9951238036 0.0002340032 TESS
3778.8719098967 0.9948238134 0.0002545179 TESS
3778.8739932300 0.9948891997 0.0002339739 TESS
3778.8760765634 0.9947773814 0.0002545888 TESS
3778.8781598967 0.9946533442 0.0002339422 TESS
3778.8802432300 0.9943121076 0.0002545235 TESS
3778.8823265634 0.9950897694 0.0002340022 TESS
3778.8844098967 0.9950031042 0.0002545515 TESS
3778.8864932300 0.9949150085 0.0002339845 TESS
3778.8885765634 0.9950714111 0.0002545740 TESS
3778.8906598967 0.9947848916 0.0002340369 TESS
3778.8927432300 0.9950097203 0.0002545210 TESS
3778.8948265634 0.9951009154 0.0002340330 TESS
3778.8969098967 0.9948544502 0.0002545825 TESS
3778.8989932300 0.9952070713 0.0002340302 TESS
3778.9010765634 0.9952988625 0.0002545440 TESS
3778.9031598967 0.9955377579 0.0002340998 TESS
3778.9052432300 0.9944959879 0.0002545319 TESS
3778.9073265634 0.9951289892 0.0002340008 TESS
3778.9094098967 0.9951336980 0.0002545939 TESS
3778.9114932300 0.9956893325 0.0002341044 TESS
3778.9135765634 0.9957190752 0.0002546492 TESS
3778.9156598967 0.9954135418 0.0002340428 TESS
3778.9177432300 0.9958950877 0.0002546723 TESS
3778.9198265634 0.9962348342 0.0002341336 TESS
3778.9219098967 0.9958207011 0.0002547176 TESS
3778.9239932300 0.9974917769 0.0002343000 TESS
3778.9260765634 0.9981985092 0.0002549506 TESS
3778.9281598967 0.9990663528 0.0002344262 TESS
3778.9302432300 0.9996607900 0.0002550767 TESS
3778.9323265634 0.9998767376 0.0002345249 TESS
3778.9344098967 0.9999771118 0.0002551370 TESS
3778.9364932300 0.9997804761 0.0002345410 TESS
3778.9385765634 0.9999969602 0.0002551241 TESS
3778.9406598967 0.9999611378 0.0002345313 TESS
3778.9427432300 1.0006787777 0.0002552034 TESS
3778.9448265634 1.0002284050 0.0002345606 TESS
3778.9469098967 1.0001319647 0.0002551405 TESS
3778.9489932300 1.0001807213 0.0002345855 TESS
3778.9510765634 0.9998363256 0.0002551388 TESS
3778.9531598967 0.9998227954 0.0002345398 TESS
3778.9552432300 0.9998233914 0.0002551238 TESS
3778.9573265634 0.9999744296 0.0002345330 TESS
3778.9594098967 0.9996900558 0.0002551199 TESS
3778.9614932300 0.9998048544 0.0002345397 TESS
3778.9635765634 0.9998207092 0.0002551231 TESS
3778.9656598967 0.9999153614 0.0002345438 TESS
3778.9677432300 0.9998325109 0.0002551513 TESS
3778.9698265634 1.0000845194 0.0002345609 TESS
3778.9719098967 0.9997380972 0.0002551248 TESS
3778.9739932300 1.0000320673 0.0002345539 TESS
3778.9760765634 0.9998677969 0.0002551398 TESS
3778.9781598967 0.9999956489 0.0002345407 TESS
3778.9802432300 0.9999905825 0.0002551665 TESS
3778.9823265634 0.9993886352 0.0002345149 TESS
3778.9844098967 0.9998013377 0.0002551508 TESS
3778.9864932300 0.9997230172 0.0002345344 TESS
3778.9885765634 0.9996120334 0.0002551406 TESS
3778.9906598967 0.9996238947 0.0002345381 TESS
3778.9927432300 1.0003232956 0.0002551958 TESS
3778.9948265634 0.9999738932 0.0002345550 TESS
3778.9969098967 0.9999392629 0.0002551566 TESS
3778.9989932300 1.0000857115 0.0002345868 TESS
3779.0010765634 1.0002709627 0.0002551972 TESS
3779.0031598967 0.9999707937 0.0002345761 TESS
3779.0052432300 0.9997510910 0.0002551435 TESS
3779.0073265634 1.0000035763 0.0002345651 TESS
3779.0094098967 0.9998399019 0.0002551709 TESS
3779.0114932300 1.0000740290 0.0002345856 TESS
3779.0135765634 0.9995724559 0.0002551491 TESS
3779.0156598967 1.0002602339 0.0002346211 TESS
3779.0177432300 0.9999027252 0.0002551907 TESS
3779.0198265634 1.0002214909 0.0002346221 TESS
3779.0219098967 1.0001076460 0.0002552552 TESS
3779.0239932300 1.0000462532 0.0002346113 TESS
3779.0260765634 0.9997002482 0.0002551661 TESS
3779.0281598967 1.0000202656 0.0002345945 TESS
3779.0302432300 0.9996196628 0.0002551477 TESS
3779.0323265634 0.9997844100 0.0002345873 TESS
3779.0344098967 1.0006054640 0.0002552716 TESS
3779.0364932300 1.0000400543 0.0002346153 TESS
3779.0385765634 1.0003618002 0.0002553038 TESS
3779.0406598967 1.0000028610 0.0002346140 TESS
3779.0427432300 0.9995150566 0.0002551987 TESS
3779.0448265634 0.9999580383 0.0002346233 TESS
3779.0469098967 0.9996200800 0.0002552334 TESS
3779.0489932300 0.9999396801 0.0002346665 TESS
3779.0510765634 1.0000839233 0.0002553493 TESS
3779.0531598967 0.9994395971 0.0002346146 TESS
3779.0552432300 0.9999682307 0.0002553240 TESS
3779.0573265634 1.0002474785 0.0002347480 TESS
3779.0594098967 0.9999455214 0.0002554275 TESS
3779.0614932300 0.9998605847 0.0002441702 TESS
3779.0635765634 0.9999607205 0.0002554469 TESS
3779.0656598967 1.0004880428 0.0002349421 TESS
3779.0677432300 1.0001953840 0.0002555458 TESS
3779.0698265634 0.9996538758 0.0002349188 TESS
3779.0719098967 0.9999920726 0.0002555987 TESS
3779.0739932300 0.9997923374 0.0002350150 TESS
3779.0760765634 0.9996750951 0.0002556829 TESS
3779.0781598967 0.9994228482 0.0002350192 TESS
3779.0802432300 0.9994165301 0.0002556732 TESS
3779.0823265634 0.9996143579 0.0002350987 TESS
3779.0844098967 1.0001684427 0.0002558290 TESS
3779.0864932300 0.9998066425 0.0002351439 TESS
3779.0885765634 0.9997447729 0.0002558187 TESS
3779.0906598967 1.0000306368 0.0003207416 TESS
3781.8344098967 1.0000607967 0.0003833224 TESS
3781.8364932300 1.0004732609 0.0002857530 TESS
3781.8385765634 1.0003775358 0.0003030560 TESS
3781.8406598967 1.0005383492 0.0002856764 TESS
3781.8427432300 1.0008614063 0.0002857261 TESS
3781.8448265634 1.0002870560 0.0002856389 TESS
3781.8469098967 1.0004343987 0.0002856717 TESS
3781.8489932300 1.0004800558 0.0002856302 TESS
3781.8510765634 1.0006575584 0.0002856786 TESS
3781.8531598967 1.0003477335 0.0003029163 TESS
3781.8552432300 1.0001730919 0.0002855579 TESS
3781.8573265634 1.0009368658 0.0003029147 TESS
3781.8594098967 1.0008711815 0.0002855790 TESS
3781.8614932300 1.0006301403 0.0002854988 TESS
3781.8635765634 1.0010696650 0.0002855961 TESS
3781.8656598967 1.0009478331 0.0002855357 TESS
3781.8677432300 1.0012266636 0.0002855564 TESS
3781.8698265634 1.0005052090 0.0002388524 TESS
3781.8719098967 1.0010712147 0.0002598753 TESS
3781.8739932300 1.0008600950 0.0002388428 TESS
3781.8760765634 1.0007530451 0.0002598295 TESS
3781.8781598967 1.0006521940 0.0002387757 TESS
3781.8802432300 1.0005251169 0.0002597439 TESS
3781.8823265634 1.0010732412 0.0002388850 TESS
3781.8844098967 1.0008490086 0.0002597026 TESS
3781.8864932300 1.0008655787 0.0002387944 TESS
3781.8885765634 1.0000290871 0.0002596726 TESS
3781.8906598967 1.0001753569 0.0002387216 TESS
3781.8927432300 1.0006411076 0.0002597140 TESS
3781.8948265634 0.9998731017 0.0002386871 TESS
3781.8969098967 1.0011982918 0.0002597619 TESS
3781.8989932300 1.0007900000 0.0002387682 TESS
3781.9010765634 1.0008404255 0.0002597249 TESS
3781.9031598967 1.0006171465 0.0002387587 TESS
3781.9052432300 1.0010921955 0.0002597790 TESS
3781.9073265634 1.0010083914 0.0002388227 TESS
3781.9094098967 1.0008084774 0.0002598163 TESS
3781.9114932300 1.0010546446 0.0002388410 TESS
3781.9135765634 1.0010696650 0.0002597633 TESS
3781.9156598967 1.0008631945 0.0002387811 TESS
3781.9177432300 1.0008703470 0.0002596954 TESS
3781.9198265634 1.0006738901 0.0002387591 TESS
3781.9219098967 1.0009429455 0.0002597668 TESS
3781.9239932300 1.0003151894 0.0002387673 TESS
3781.9260765634 1.0009430647 0.0002597527 TESS
3781.9281598967 1.0009496212 0.0002388099 TESS
3781.9302432300 1.0006244183 0.0002597278 TESS
3781.9323265634 1.0004981756 0.0002387413 TESS
3781.9344098967 1.0010442734 0.0002597685 TESS
3781.9364932300 1.0010188818 0.0002387832 TESS
3781.9385765634 1.0010644197 0.0002597650 TESS
3781.9406598967 1.0011343956 0.0002388238 TESS
3781.9427432300 1.0007750988 0.0002597359 TESS
3781.9448265634 1.0010507107 0.0002388142 TESS
3781.9469098967 1.0008541346 0.0002598052 TESS
3781.9489932300 1.0006505251 0.0002388124 TESS
3781.9510765634 1.0006524324 0.0002596945 TESS
3781.9531598967 1.0006194115 0.0002387870 TESS
3781.9552432300 1.0004379749 0.0002597924 TESS
3781.9573265634 1.0010526180 0.0002388395 TESS
3781.9594098967 1.0005432367 0.0002597536 TESS
3781.9614932300 1.0008782148 0.0002388708 TESS
3781.9635765634 1.0008027554 0.0002597989 TESS
3781.9656598967 1.0012606382 0.0002389151 TESS
3781.9677432300 1.0010354519 0.0002598492 TESS
3781.9698265634 1.0014052391 0.0002388957 TESS
3781.9719098967 1.0012578964 0.0002598475 TESS
3781.9739932300 1.0007052422 0.0002388038 TESS
3781.9760765634 1.0009878874 0.0002598245 TESS
3781.9781598967 1.0017024279 0.0002389519 TESS
3781.9802432300 1.0004547834 0.0002598194 TESS
3781.9823265634 1.0012388229 0.0002389037 TESS
3781.9844098967 1.0014647245 0.0002599170 TESS
3781.9864932300 1.0008724928 0.0002389007 TESS
3781.9885765634 1.0012351274 0.0002598773 TESS
3781.9906598967 1.0004153252 0.0002388662 TESS
3781.9927432300 1.0012123585 0.0002599119 TESS
3781.9948265634 1.0006600618 0.0002388849 TESS
3781.9969098967 1.0010288954 0.0002598658 TESS
3781.9989932300 1.0006604195 0.0002388597 TESS
3782.0010765634 1.0003281832 0.0002598310 TESS
3782.0031598967 0.9999271035 0.0002388192 TESS
3782.0052432300 0.9990428090 0.0003027055 TESS
3782.0073265634 0.9987637997 0.0002387503 TESS
3782.0094098967 0.9975342751 0.0002595657 TESS
3782.0114932300 0.9973942637 0.0002481500 TESS
3782.0135765634 0.9966655970 0.0002594701 TESS
3782.0156598967 0.9967381954 0.0002385167 TESS
3782.0177432300 0.9973083735 0.0002595812 TESS
3782.0198265634 0.9971755743 0.0002386520 TESS
3782.0219098967 0.9966650009 0.0002594932 TESS
3782.0239932300 0.9966779947 0.0002385820 TESS
3782.0260765634 0.9964100718 0.0002594903 TESS
3782.0281598967 0.9965886474 0.0002385629 TESS
3782.0302432300 0.9965963364 0.0002595266 TESS
3782.0323265634 0.9962903857 0.0002385914 TESS
3782.0344098967 0.9966646433 0.0002595716 TESS
3782.0364932300 0.9955141544 0.0002385344 TESS
3782.0385765634 0.9964799881 0.0002595651 TESS
3782.0406598967 0.9960787296 0.0002385597 TESS
3782.0427432300 0.9959233403 0.0002595426 TESS
3782.0448265634 0.9954614043 0.0002384912 TESS
3782.0469098967 0.9957936406 0.0002594800 TESS
3782.0489932300 0.9961124063 0.0002386186 TESS
3782.0510765634 0.9968264699 0.0002595870 TESS
3782.0531598967 0.9958770275 0.0002385750 TESS
3782.0552432300 0.9966539145 0.0002595806 TESS
3782.0573265634 0.9963715076 0.0002385732 TESS
3782.0594098967 0.9958387613 0.0002595125 TESS
3782.0614932300 0.9964431524 0.0002386595 TESS
3782.0635765634 0.9959093332 0.0002595114 TESS
3782.0656598967 0.9958076477 0.0002386120 TESS
3782.0677432300 0.9960476756 0.0002594814 TESS
3782.0698265634 0.9962245226 0.0002723112 TESS
3782.0719098967 0.9963996410 0.0003023615 TESS
3782.0739932300 0.9959434867 0.0002722435 TESS
3782.0760765634 0.9958992004 0.0002594980 TESS
3782.0781598967 0.9955701828 0.0002385000 TESS
3782.0802432300 0.9958694577 0.0002594782 TESS
3782.0823265634 0.9959717393 0.0002385241 TESS
3782.0844098967 0.9960486293 0.0002721465 TESS
3782.0864932300 0.9961288571 0.0002385207 TESS
3782.0885765634 0.9960487485 0.0002594433 TESS
3782.0906598967 0.9964315891 0.0002385627 TESS
3782.0927432300 0.9963778257 0.0002594673 TESS
3782.0948265634 0.9962509274 0.0002384990 TESS
3782.0969098967 0.9963619113 0.0002594561 TESS
3782.0989932300 0.9965159893 0.0002384730 TESS
3782.1010765634 0.9958726168 0.0003228777 TESS
3782.1031598967 0.9955129623 0.0002383942 TESS
3782.1052432300 0.9966033101 0.0002594478 TESS
3782.1073265634 0.9967429638 0.0002384437 TESS
3782.1094098967 0.9962542057 0.0002720293 TESS
3782.1114932300 0.9960848689 0.0002593386 TESS
3782.1135765634 0.9960371852 0.0002593140 TESS
3782.1156598967 0.9964486957 0.0002384357 TESS
3782.1177432300 0.9963333011 0.0003021067 TESS
3782.1198265634 0.9958403111 0.0002383731 TESS
3782.1219098967 0.9956740141 0.0002592429 TESS
3782.1239932300 0.9956924915 0.0002383256 TESS
3782.1260765634 0.9965695143 0.0002593084 TESS
3782.1281598967 0.9960820675 0.0002383888 TESS
3782.1302432300 0.9963847399 0.0002720069 TESS
3782.1323265634 0.9965535998 0.0002384093 TESS
3782.1344098967 0.9966402054 0.0002593094 TESS
3782.1364932300 0.9965018630 0.0002383493 TESS
3782.1385765634 0.9965904951 0.0002593050 TESS
3782.1406598967 0.9969673157 0.0002384413 TESS
3782.1427432300 0.9963830113 0.0002593217 TESS
3782.1448265634 0.9961955547 0.0002719392 TESS
3782.1469098967 0.9959769249 0.0002592376 TESS
3782.1489932300 0.9963017702 0.0002478645 TESS
3782.1510765634 0.9961040616 0.0003020707 TESS
3782.1531598967 0.9965207577 0.0003487476 TESS
3782.1552432300 0.9963487387 0.0002592040 TESS
3782.1573265634 0.9960017800 0.0002382447 TESS
3782.1594098967 0.9964314699 0.0002592916 TESS
3782.1614932300 0.9970166683 0.0002384611 TESS
3782.1635765634 0.9966545105 0.0002720042 TESS
3782.1656598967 0.9970983863 0.0003230415 TESS
3782.1677432300 0.9966926575 0.0002592303 TESS
3782.1698265634 0.9969737530 0.0002383955 TESS
3782.1719098967 0.9967502356 0.0002592585 TESS
3782.1739932300 0.9970148206 0.0002383357 TESS
3782.1760765634 0.9981914163 0.0003231335 TESS
3782.1781598967 0.9996355772 0.0002595811 TESS
3782.1802432300 1.0007061958 0.0002597176 TESS
3782.1823265634 1.0007125139 0.0002387350 TESS
3782.1844098967 1.0014365911 0.0002596632 TESS
3782.1864932300 1.0003163815 0.0002871692 TESS
3782.1885765634 1.0010122061 0.0002725594 TESS
3782.1906598967 1.0017095804 0.0002599480 TESS
3782.1927432300 1.0015251637 0.0002724736 TESS
3782.1948265634 1.0009634495 0.0002597226 TESS
3782.1969098967 1.0018221140 0.0002598440 TESS
3782.1989932300 1.0013842583 0.0002387780 TESS
3782.2010765634 1.0013250113 0.0002597422 TESS
3782.2031598967 1.0009495020 0.0002387291 TESS
3782.2052432300 1.0022170544 0.0002598368 TESS
3782.2073265634 1.0018962622 0.0002388538 TESS
3782.2094098967 1.0015106201 0.0002597643 TESS
3782.2114932300 1.0012865067 0.0002388008 TESS
3782.2135765634 1.0012463331 0.0002597259 TESS
3782.2156598967 1.0016943216 0.0002388562 TESS
3782.2177432300 1.0014431477 0.0002597167 TESS
3782.2198265634 1.0014250278 0.0002387666 TESS
3782.2219098967 1.0018875599 0.0002597921 TESS
3782.2239932300 1.0018843412 0.0002388491 TESS
3782.2260765634 1.0017044544 0.0002597497 TESS
3782.2281598967 1.0012454987 0.0002387396 TESS
3782.2302432300 1.0011827946 0.0002596964 TESS
3782.2323265634 1.0010483265 0.0002723937 TESS
3782.2344098967 1.0010558367 0.0002723302 TESS
3782.2364932300 1.0011326075 0.0002387625 TESS
3782.2385765634 1.0020779371 0.0002597780 TESS
3782.2406598967 1.0023875237 0.0002388246 TESS
3782.2427432300 1.0019836426 0.0002596874 TESS
3782.2448265634 1.0013178587 0.0002385994 TESS
3782.2469098967 1.0023765564 0.0002596885 TESS
3782.2489932300 1.0017640591 0.0002386953 TESS
3782.2510765634 1.0020787716 0.0002596556 TESS
3782.2531598967 1.0019924641 0.0002386755 TESS
3782.2552432300 1.0020430088 0.0002595540 TESS
3782.2573265634 1.0024223328 0.0003044852 TESS
3782.2594098967 1.0015052557 0.0002594555 TESS
3782.2614932300 1.0018285513 0.0002385568 TESS
3782.2635765634 1.0023444891 0.0002595758 TESS
3782.2656598967 1.0017429590 0.0002384994 TESS
3782.2677432300 1.0015381575 0.0002720924 TESS
3782.2698265634 1.0008932352 0.0002719669 TESS
3782.2719098967 1.0009458065 0.0002591740 TESS
3782.2739932300 1.0011131763 0.0002867376 TESS
3782.2760765634 1.0017068386 0.0002592548 TESS
3782.2781598967 1.0013269186 0.0002382172 TESS
3782.2802432300 1.0009750128 0.0002590586 TESS
3782.2823265634 1.0016217232 0.0002382923 TESS
3782.2844098967 1.0019013882 0.0002590941 TESS
3782.2864932300 1.0021132231 0.0002382194 TESS
3782.2885765634 1.0016875267 0.0002589693 TESS
3782.2906598967 1.0015493631 0.0002716388 TESS
3782.2927432300 1.0021033287 0.0002589758 TESS
3782.2948265634 1.0017311573 0.0002379303 TESS
3782.2969098967 1.0018801689 0.0002715352 TESS
3782.2989932300 1.0014655590 0.0003035577 TESS
3782.3010765634 1.0020877123 0.0002587526 TESS
3782.3031598967 1.0018624067 0.0002378302 TESS
3782.3052432300 1.0018614531 0.0002586158 TESS
3782.3073265634 1.0016659498 0.0002376963 TESS
3782.3094098967 1.0018970966 0.0002586536 TESS
3782.3114932300 1.0025838614 0.0002713221 TESS
3782.3135765634 1.0019671917 0.0002585754 TESS
3782.3156598967 1.0023574829 0.0002377925 TESS
3782.3177432300 1.0009207726 0.0002583550 TESS
3782.3198265634 1.0006957054 0.0002375455 TESS
3782.3219098967 1.0010797977 0.0004918382 TESS
3788.4844098967 0.9995747209 0.0003982873 TESS
3788.4864932300 0.9991645813 0.0003981015 TESS
3788.4885765634 0.9992452860 0.0002814980 TESS
3788.4906598967 0.9995114207 0.0003980644 TESS
3788.4927432300 0.9993064404 0.0002814504 TESS
3788.4948265634 0.9989383221 0.0003979722 TESS
3788.4969098967 0.9997550249 0.0002813876 TESS
3788.4989932300 0.9995863438 0.0003978033 TESS
3788.5010765634 0.9990962744 0.0002812652 TESS
3788.5031598967 0.9990653992 0.0003977430 TESS
3788.5052432300 0.9991296530 0.0002811771 TESS
3788.5073265634 0.9980708957 0.0003974697 TESS
3788.5094098967 0.9984720945 0.0002810599 TESS
3788.5114932300 0.9968647957 0.0003971334 TESS
3788.5135765634 0.9966586828 0.0002808103 TESS
3788.5156598967 0.9957171082 0.0003969571 TESS
3788.5177432300 0.9959056377 0.0002806443 TESS
3788.5198265634 0.9966131449 0.0003968980 TESS
3788.5219098967 0.9957356453 0.0002805663 TESS
3788.5239932300 0.9954155087 0.0003967518 TESS
3788.5260765634 0.9951684475 0.0002804185 TESS
3788.5281598967 0.9948173165 0.0003965246 TESS
3788.5302432300 0.9947866201 0.0002803910 TESS
3788.5323265634 0.9954873919 0.0003965532 TESS
3788.5344098967 0.9948701859 0.0002803454 TESS
3788.5364932300 0.9958451986 0.0003965200 TESS
3788.5385765634 0.9956722260 0.0002803604 TESS
3788.5406598967 0.9953858852 0.0003964338 TESS
3788.5427432300 0.9950831532 0.0002802357 TESS
3788.5448265634 0.9940266609 0.0003961890 TESS
3788.5469098967 0.9983085990 0.0002428054 TESS
3788.5489932300 0.9983078241 0.0002641059 TESS
3788.5510765634 0.9976923466 0.0002427221 TESS
3788.5531598967 0.9982511401 0.0002640521 TESS
3788.5552432300 0.9977745414 0.0002426890 TESS
3788.5573265634 0.9982175827 0.0002639900 TESS
3788.5594098967 0.9978094101 0.0002426648 TESS
3788.5614932300 0.9977962375 0.0002638842 TESS
3788.5635765634 0.9980264902 0.0002523699 TESS
3788.5656598967 0.9977028966 0.0002638514 TESS
3788.5677432300 0.9977715015 0.0002425835 TESS
3788.5698265634 0.9978467822 0.0002638027 TESS
3788.5719098967 0.9972064495 0.0002424675 TESS
3788.5739932300 0.9973527789 0.0002637204 TESS
3788.5760765634 0.9974480271 0.0002424513 TESS
3788.5781598967 0.9979065061 0.0002637639 TESS
3788.5802432300 0.9976066351 0.0002424357 TESS
3788.5823265634 0.9979413152 0.0002637100 TESS
3788.5844098967 0.9975902438 0.0002423882 TESS
3788.5864932300 0.9979250431 0.0002765525 TESS
3788.5885765634 0.9980357885 0.0002423622 TESS
3788.5906598967 0.9981698990 0.0002636451 TESS
3788.5927432300 0.9978605509 0.0002422954 TESS
3788.5948265634 0.9972407222 0.0002635162 TESS
3788.5969098967 0.9974896908 0.0002422251 TESS
3788.5989932300 0.9975590706 0.0002635286 TESS
3788.6010765634 0.9972261786 0.0002421869 TESS
3788.6031598967 0.9977508783 0.0002634835 TESS
3788.6052432300 0.9978853464 0.0002422248 TESS
3788.6073265634 0.9975680113 0.0002634354 TESS
3788.6094098967 0.9970840216 0.0002421211 TESS
3788.6114932300 0.9969573021 0.0002633343 TESS
3788.6135765634 0.9967586994 0.0002420587 TESS
3788.6156598967 0.9975285530 0.0002633825 TESS
3788.6177432300 0.9971528649 0.0002420659 TESS
3788.6198265634 0.9975351691 0.0002762545 TESS
3788.6219098967 0.9972759485 0.0002421014 TESS
3788.6239932300 0.9975546002 0.0002633107 TESS
3788.6260765634 0.9969473481 0.0002420227 TESS
3788.6281598967 0.9976112247 0.0002633231 TESS
3788.6302432300 0.9974942803 0.0002420698 TESS
3788.6323265634 0.9969798326 0.0002632613 TESS
3788.6344098967 0.9973021150 0.0002420533 TESS
3788.6364932300 0.9972270727 0.0002632518 TESS
3788.6385765634 0.9969909787 0.0002516617 TESS
3788.6406598967 0.9972877502 0.0002632383 TESS
3788.6427432300 0.9973386526 0.0002420163 TESS
3788.6448265634 0.9970800281 0.0002631985 TESS
3788.6469098967 0.9974332452 0.0002420024 TESS
3788.6489932300 0.9979954958 0.0002632720 TESS
3788.6510765634 0.9972361922 0.0002419439 TESS
3788.6531598967 0.9973413348 0.0002631716 TESS
3788.6552432300 0.9969976544 0.0002419080 TESS
3788.6573265634 0.9968314171 0.0002631164 TESS
3788.6594098967 0.9971233606 0.0002418998 TESS
3788.6614932300 0.9966432452 0.0002630849 TESS
3788.6635765634 0.9961858392 0.0002417872 TESS
3788.6656598967 0.9970480800 0.0002630798 TESS
3788.6677432300 0.9968990088 0.0002418168 TESS
3788.6698265634 0.9971033931 0.0002630292 TESS
3788.6719098967 0.9974904656 0.0002418306 TESS
3788.6739932300 0.9975578189 0.0002631184 TESS
3788.6760765634 0.9972469807 0.0002417796 TESS
3788.6781598967 0.9969967604 0.0002629495 TESS
3788.6802432300 0.9982010126 0.0002418387 TESS
3788.6823265634 0.9987357259 0.0002631045 TESS
3788.6844098967 0.9996680617 0.0002419759 TESS
3788.6864932300 1.0002971888 0.0002632639 TESS
3788.6885765634 1.0008555651 0.0002420349 TESS
3788.6906598967 1.0019998550 0.0002635269 TESS
3788.6927432300 1.0015952587 0.0002420552 TESS
3788.6948265634 1.0012153387 0.0002632479 TESS
3788.6969098967 1.0016590357 0.0002420204 TESS
3788.6989932300 1.0012487173 0.0002632098 TESS
3788.7010765634 1.0010180473 0.0002419229 TESS
3788.7031598967 1.0017690659 0.0002631922 TESS
3788.7052432300 1.0011825562 0.0002418272 TESS
3788.7073265634 1.0012094975 0.0002630216 TESS
3788.7094098967 1.0014169216 0.0002417859 TESS
3788.7114932300 1.0009686947 0.0002629060 TESS
3788.7135765634 1.0014829636 0.0002417148 TESS
3788.7156598967 1.0011764765 0.0002628508 TESS
3788.7177432300 1.0010010004 0.0002512606 TESS
3788.7198265634 1.0012261868 0.0002627971 TESS
3788.7219098967 1.0007576942 0.0002415326 TESS
3788.7239932300 1.0007499456 0.0002626200 TESS
3788.7260765634 1.0008552074 0.0002414371 TESS
3788.7281598967 1.0009503365 0.0002625749 TESS
3788.7302432300 1.0006800890 0.0002413126 TESS
3788.7323265634 1.0007053614 0.0002624686 TESS
3788.7344098967 1.0004931688 0.0002411972 TESS
3788.7364932300 1.0006980896 0.0002623726 TESS
3788.7385765634 1.0010030270 0.0002411394 TESS
3788.7406598967 1.0007120371 0.0002622464 TESS
3788.7427432300 1.0009013414 0.0002410584 TESS
3788.7448265634 1.0014569759 0.0002622698 TESS
3788.7469098967 1.0012938976 0.0002409885 TESS
3788.7489932300 1.0012115240 0.0002621251 TESS
3788.7510765634 1.0010858774 0.0002408815 TESS
3788.7531598967 1.0006830692 0.0002620043 TESS
3788.7552432300 1.0002161264 0.0002407217 TESS
3788.7573265634 1.0008237362 0.0002619513 TESS
3788.7594098967 1.0012383461 0.0002407393 TESS
3788.7614932300 1.0008757114 0.0002618004 TESS
3788.7635765634 1.0004099607 0.0002406252 TESS
3788.7656598967 1.0004658699 0.0002616661 TESS
3788.7677432300 1.0003846884 0.0002405594 TESS
3788.7698265634 1.0004314184 0.0002616419 TESS
3788.7719098967 1.0005365610 0.0002404478 TESS
3788.7739932300 1.0007826090 0.0002615315 TESS
3788.7760765634 1.0007880926 0.0002403710 TESS
3788.7781598967 1.0006822348 0.0002614652 TESS
3788.7802432300 1.0012191534 0.0002606599 TESS
3788.7823265634 1.0006160736 0.0002613212 TESS
3788.7844098967 1.0011324883 0.0002402475 TESS
3788.7864932300 1.0009244680 0.0002612692 TESS
3788.7885765634 1.0011615753 0.0002497449 TESS
3788.7906598967 1.0007582903 0.0002611295 TESS
3788.7927432300 1.0010257959 0.0002400595 TESS
3788.7948265634 1.0013066530 0.0002611067 TESS
3788.7969098967 1.0013461113 0.0002399781 TESS
3788.7989932300 1.0012785196 0.0002609909 TESS
3788.8010765634 1.0002926588 0.0002397773 TESS
3788.8031598967 1.0005483627 0.0002608763 TESS
3788.8052432300 1.0008869171 0.0002397321 TESS
3788.8073265634 1.0010772943 0.0002607949 TESS
3788.8094098967 1.0008977652 0.0002396229 TESS
3788.8114932300 1.0009137392 0.0002606834 TESS
3788.8135765634 1.0002307892 0.0002394737 TESS
3788.8156598967 1.0009647608 0.0002605326 TESS
3788.8177432300 1.0003174543 0.0002393703 TESS
3788.8198265634 1.0008432865 0.0002604552 TESS
3788.8219098967 1.0007071495 0.0002394865 TESS
3788.8239932300 1.0005490780 0.0002602414 TESS
3788.8260765634 1.0003418922 0.0002390986 TESS
3788.8281598967 1.0008089542 0.0002600919 TESS
3788.8302432300 1.0003654957 0.0002390022 TESS
3788.8323265634 1.0005190372 0.0002599471 TESS
3788.8344098967 1.0002621412 0.0002388744 TESS
3788.8364932300 1.0001692772 0.0002597565 TESS
3788.8385765634 1.0004742146 0.0002387856 TESS
3788.8406598967 1.0006544590 0.0002596694 TESS
3788.8427432300 1.0010870695 0.0002386818 TESS
3788.8448265634 1.0003820658 0.0002595095 TESS
3788.8469098967 1.0001956224 0.0002384803 TESS
3788.8489932300 1.0000896454 0.0002593274 TESS
3788.8510765634 1.0004291534 0.0002478964 TESS
3791.5948265634 1.0007048845 0.0008398653 TESS
3791.5969098967 1.0004496574 0.0002341771 TESS
3791.5989932300 1.0000663996 0.0002546804 TESS
3791.6010765634 0.9998037815 0.0002341222 TESS
3791.6031598967 1.0001232624 0.0002547036 TESS
3791.6052432300 1.0002973080 0.0002342618 TESS
3791.6073265634 1.0000947714 0.0002547228 TESS
3791.6094098967 1.0007172823 0.0002342173 TESS
3791.6114932300 1.0001659393 0.0002547221 TESS
3791.6135765634 1.0002732277 0.0002341701 TESS
3791.6156598967 1.0003559589 0.0002547209 TESS
3791.6177432300 1.0000994205 0.0002341538 TESS
3791.6198265634 1.0006585121 0.0002672762 TESS
3791.6219098967 1.0004646778 0.0002341929 TESS
3791.6239932300 0.9996142387 0.0002546644 TESS
3791.6260765634 0.9996828437 0.0002341311 TESS
3791.6281598967 1.0003703833 0.0002547391 TESS
3791.6302432300 0.9998819828 0.0002341238 TESS
3791.6323265634 0.9997134209 0.0002547100 TESS
3791.6344098967 1.0002444983 0.0002341595 TESS
3791.6364932300 1.0003468990 0.0002547243 TESS
3791.6385765634 1.0003210306 0.0002341667 TESS
3791.6406598967 0.9998636246 0.0002546822 TESS
3791.6427432300 0.9997773767 0.0002341187 TESS
3791.6448265634 1.0001187325 0.0002547190 TESS
3791.6469098967 1.0002573729 0.0002341718 TESS
3791.6489932300 0.9998917580 0.0002547070 TESS
3791.6510765634 1.0000603199 0.0002341597 TESS
3791.6531598967 1.0002101660 0.0002547385 TESS
3791.6552432300 1.0002452135 0.0002341650 TESS
3791.6573265634 1.0006862879 0.0002548537 TESS
3791.6594098967 1.0000187159 0.0002341429 TESS
3791.6614932300 1.0003373623 0.0002547453 TESS
3791.6635765634 1.0002250671 0.0002341752 TESS
3791.6656598967 0.9996367693 0.0002546934 TESS
3791.6677432300 1.0001581907 0.0002341744 TESS
3791.6698265634 0.9998000264 0.0002546593 TESS
3791.6719098967 1.0001248121 0.0002341614 TESS
3791.6739932300 0.9997736216 0.0002546757 TESS
3791.6760765634 1.0004819632 0.0002342799 TESS
3791.6781598967 0.9996585846 0.0002547035 TESS
3791.6802432300 1.0001544952 0.0002341636 TESS
3791.6823265634 0.9998844266 0.0002547578 TESS
3791.6844098967 1.0003304482 0.0002341613 TESS
3791.6864932300 1.0010710955 0.0002548336 TESS
3791.6885765634 1.0007821321 0.0002342294 TESS
3791.6906598967 0.9998979568 0.0002547089 TESS
3791.6927432300 1.0000861883 0.0002341454 TESS
3791.6948265634 0.9995834231 0.0002546579 TESS
3791.6969098967 1.0001255274 0.0002341686 TESS
3791.6989932300 1.0000312328 0.0002547106 TESS
3791.7010765634 1.0004634857 0.0002341963 TESS
3791.7031598967 0.9996374846 0.0002546451 TESS
3791.7052432300 1.0000922680 0.0002341450 TESS
3791.7073265634 1.0002619028 0.0002547618 TESS
3791.7094098967 1.0007271767 0.0002342104 TESS
3791.7114932300 0.9999947548 0.0002547337 TESS
3791.7135765634 1.0004111528 0.0002341851 TESS
3791.7156598967 0.9996621013 0.0002546886 TESS
3791.7177432300 1.0000261068 0.0002341531 TESS
3791.7198265634 0.9998038411 0.0002546830 TESS
3791.7219098967 0.9999855161 0.0002341515 TESS
3791.7239932300 0.9999648929 0.0002547113 TESS
3791.7260765634 1.0004416704 0.0002341834 TESS
3791.7281598967 0.9998618364 0.0002546719 TESS
3791.7302432300 0.9999336004 0.0002341389 TESS
3791.7323265634 1.0004242659 0.0002547430 TESS
3791.7344098967 1.0001430511 0.0002341403 TESS
3791.7364932300 0.9999745488 0.0002547064 TESS
3791.7385765634 1.0002338886 0.0002341879 TESS
3791.7406598967 0.9998804927 0.0002547165 TESS
3791.7427432300 1.0001362562 0.0002341652 TESS
3791.7448265634 1.0004069805 0.0002547246 TESS
3791.7469098967 0.9999532104 0.0002341458 TESS
3791.7489932300 1.0003541708 0.0002547015 TESS
3791.7510765634 0.9998205304 0.0002341292 TESS
3791.7531598967 1.0001893044 0.0002547301 TESS
3791.7552432300 0.9998447299 0.0002341174 TESS
3791.7573265634 1.0004252195 0.0002547426 TESS
3791.7594098967 0.9997324347 0.0002341159 TESS
3791.7614932300 0.9991149902 0.0002545806 TESS
3791.7635765634 0.9978449345 0.0002339231 TESS
3791.7656598967 0.9977946281 0.0002544583 TESS
3791.7677432300 0.9969144464 0.0002338254 TESS
3791.7698265634 0.9963184595 0.0002542882 TESS
3791.7719098967 0.9961179495 0.0002337500 TESS
3791.7739932300 0.9962855577 0.0002542739 TESS
3791.7760765634 0.9960691333 0.0002337464 TESS
3791.7781598967 0.9958810806 0.0002542483 TESS
3791.7802432300 0.9956912398 0.0002337174 TESS
3791.7823265634 0.9956925511 0.0002542177 TESS
3791.7844098967 0.9953178167 0.0002336577 TESS
3791.7864932300 0.9951105118 0.0002541540 TESS
3791.7885765634 0.9952825308 0.0002336779 TESS
3791.7906598967 0.9954522848 0.0002541722 TESS
3791.7927432300 0.9951673150 0.0002336917 TESS
3791.7948265634 0.9955155253 0.0002541809 TESS
3791.7969098967 0.9955136776 0.0002336732 TESS
3791.7989932300 0.9949613810 0.0002541796 TESS
3791.8010765634 0.9950721264 0.0002336368 TESS
3791.8031598967 0.9954307675 0.0002541866 TESS
3791.8052432300 0.9950180650 0.0002336061 TESS
3791.8073265634 0.9954139590 0.0002541827 TESS
3791.8094098967 0.9953112006 0.0002336556 TESS
3791.8114932300 0.9953784943 0.0002541600 TESS
3791.8135765634 0.9951629639 0.0002336171 TESS
3791.8156598967 0.9952287674 0.0002541622 TESS
3791.8177432300 0.9951058030 0.0002336330 TESS
3791.8198265634 0.9952081442 0.0002541529 TESS
3791.8219098967 0.9949516654 0.0002335831 TESS
3791.8239932300 0.9946570396 0.0002541371 TESS
3791.8260765634 0.9951696992 0.0002336591 TESS
3791.8281598967 0.9944877625 0.0002540872 TESS
3791.8302432300 0.9946219921 0.0002335683 TESS
3791.8323265634 0.9947282672 0.0002541049 TESS
3791.8344098967 0.9947692752 0.0002336275 TESS
3791.8364932300 0.9951566458 0.0002541498 TESS
3791.8385765634 0.9946749210 0.0002336001 TESS
3791.8406598967 0.9946942329 0.0002541702 TESS
3791.8427432300 0.9947160482 0.0002336051 TESS
3791.8448265634 0.9953410029 0.0002541568 TESS
3791.8469098967 0.9947713614 0.0002335859 TESS
3791.8489932300 0.9950186610 0.0002541369 TESS
3791.8510765634 0.9942970276 0.0002335775 TESS
3791.8531598967 0.9947846532 0.0002541339 TESS
3791.8552432300 0.9945464730 0.0002335710 TESS
3791.8573265634 0.9948408008 0.0002541196 TESS
3791.8594098967 0.9949009418 0.0002335953 TESS
3791.8614932300 0.9949488640 0.0002541425 TESS
3791.8635765634 0.9945617318 0.0002335880 TESS
3791.8656598967 0.9945260882 0.0002541077 TESS
3791.8677432300 0.9949310422 0.0002336084 TESS
3791.8698265634 0.9948766828 0.0002541345 TESS
3791.8719098967 0.9947330952 0.0002335954 TESS
3791.8739932300 0.9945354462 0.0002540731 TESS
3791.8760765634 0.9949760437 0.0002336337 TESS
3791.8781598967 0.9944303632 0.0002540581 TESS
3791.8802432300 0.9946950674 0.0002336031 TESS
3791.8823265634 0.9947836995 0.0002540924 TESS
3791.8844098967 0.9947826862 0.0002336097 TESS
3791.8864932300 0.9948413968 0.0002541249 TESS
3791.8885765634 0.9948199987 0.0002335848 TESS
3791.8906598967 0.9951128960 0.0002541451 TESS
3791.8927432300 0.9952973723 0.0002336714 TESS
3791.8948265634 0.9950113297 0.0002541809 TESS
3791.8969098967 0.9947536588 0.0002336023 TESS
3791.8989932300 0.9955759048 0.0002542067 TESS
3791.9010765634 0.9948259592 0.0002336110 TESS
3791.9031598967 0.9949463010 0.0002541394 TESS
3791.9052432300 0.9948415160 0.0002336146 TESS
3791.9073265634 0.9947550893 0.0002541375 TESS
3791.9094098967 0.9953755736 0.0002336793 TESS
3791.9114932300 0.9960110784 0.0002542387 TESS
3791.9135765634 0.9957628250 0.0002336934 TESS
3791.9156598967 0.9958893657 0.0002542634 TESS
3791.9177432300 0.9953793883 0.0002336668 TESS
3791.9198265634 0.9951298833 0.0002541690 TESS
3791.9219098967 0.9954627752 0.0002336728 TESS
3791.9239932300 0.9949089289 0.0002541274 TESS
3791.9260765634 0.9956235886 0.0002337031 TESS
3791.9281598967 0.9959160089 0.0002543079 TESS
3791.9302432300 0.9963331819 0.0002337711 TESS
3791.9323265634 0.9959651828 0.0002542779 TESS
3791.9344098967 0.9974769354 0.0002339027 TESS
3791.9364932300 0.9976722598 0.0002544706 TESS
3791.9385765634 0.9981850982 0.0002340441 TESS
3791.9406598967 0.9992468357 0.0002671057 TESS
3791.9427432300 1.0000771284 0.0002341968 TESS
3791.9448265634 0.9998623729 0.0002547313 TESS
3791.9469098967 1.0001790524 0.0002435133 TESS
3791.9489932300 0.9997175932 0.0002547187 TESS
3791.9510765634 1.0002151728 0.0002341519 TESS
3791.9531598967 0.9997428656 0.0002546839 TESS
3791.9552432300 1.0003498793 0.0002342100 TESS
3791.9573265634 1.0000405312 0.0002547377 TESS
3791.9594098967 1.0001637936 0.0002342716 TESS
3791.9614932300 0.9996554255 0.0002547233 TESS
3791.9635765634 1.0000255108 0.0002341516 TESS
3791.9656598967 1.0001366138 0.0002548149 TESS
3791.9677432300 0.9991248846 0.0002340894 TESS
3791.9698265634 0.9994381666 0.0002546606 TESS
3791.9719098967 0.9992672205 0.0002340924 TESS
3791.9739932300 0.9999413490 0.0002547247 TESS
3791.9760765634 1.0002751350 0.0002342064 TESS
3791.9781598967 0.9997594953 0.0002546884 TESS
3791.9802432300 0.9997254014 0.0002341276 TESS
3791.9823265634 0.9998429418 0.0002546796 TESS
3791.9844098967 0.9996840954 0.0002341281 TESS
3791.9864932300 1.0007002354 0.0002548091 TESS
3791.9885765634 0.9997753501 0.0002341384 TESS
3791.9906598967 0.9992332458 0.0002546163 TESS
3791.9927432300 0.9997307062 0.0002341569 TESS
3791.9948265634 0.9997256994 0.0002547117 TESS
3791.9969098967 0.9994390607 0.0002341127 TESS
3791.9989932300 1.0002877712 0.0002547336 TESS
3792.0010765634 1.0001889467 0.0002341394 TESS
3792.0031598967 0.9999339581 0.0002672174 TESS
3792.0052432300 0.9996702671 0.0002341103 TESS
3792.0073265634 1.0000116825 0.0002547030 TESS
3792.0094098967 0.9999996424 0.0002341353 TESS
3792.0114932300 0.9999418259 0.0002547124 TESS
3792.0135765634 0.9991428256 0.0002340800 TESS
3792.0156598967 0.9998356700 0.0002546715 TESS
3792.0177432300 0.9995022416 0.0002341156 TESS
3792.0198265634 0.9996978641 0.0002554730 TESS
3792.0219098967 0.9998492599 0.0002341325 TESS
3792.0239932300 1.0000400543 0.0002547722 TESS
3792.0260765634 0.9994271994 0.0002340819 TESS
3792.0281598967 0.9998361468 0.0002547147 TESS
3792.0302432300 0.9994821548 0.0002340935 TESS
3792.0323265634 0.9996536374 0.0002546675 TESS
3792.0344098967 0.9995388389 0.0002340920 TESS
3792.0364932300 0.9995279312 0.0002546603 TESS
3792.0385765634 0.9996427894 0.0002341270 TESS
3792.0406598967 1.0000851154 0.0002547250 TESS
3792.0427432300 0.9995855689 0.0002341003 TESS
3792.0448265634 0.9996489286 0.0002546743 TESS
3792.0469098967 0.9999025464 0.0002341589 TESS
3792.0489932300 0.9999713898 0.0002547410 TESS
3792.0510765634 0.9998427033 0.0002341296 TESS
3792.0531598967 0.9992934465 0.0002546742 TESS
3792.0552432300 0.9990897775 0.0002340760 TESS
3792.0573265634 0.9999845624 0.0002547239 TESS
3792.0594098967 0.9999880195 0.0002341477 TESS
3792.0614932300 0.9999051094 0.0002547321 TESS
3792.0635765634 0.9998271465 0.0002341164 TESS
3792.0656598967 0.9999299049 0.0002547324 TESS
3792.0677432300 0.9995523691 0.0002340771 TESS
3792.0698265634 0.9994605780 0.0002546974 TESS
3792.0719098967 0.9995692968 0.0002340969 TESS
3792.0739932300 0.9998537302 0.0002546793 TESS
3792.0760765634 1.0002073050 0.0002341353 TESS
3792.0781598967 1.0002887249 0.0002547238 TESS
3792.0802432300 1.0000090599 0.0002342471 TESS
3792.0823265634 0.9999632835 0.0002547233 TESS
3792.0844098967 0.9992784262 0.0002340985 TESS
3792.0864932300 0.9996582270 0.0002546514 TESS
3792.0885765634 0.9994103909 0.0002340864 TESS
3792.0906598967 1.0001147985 0.0002547221 TESS
3792.0927432300 0.9999284148 0.0002341550 TESS
3792.0948265634 0.9994899631 0.0002546521 TESS
3792.0969098967 0.9996327758 0.0002341042 TESS
3792.0989932300 0.9996439219 0.0002547138 TESS
3792.1010765634 0.9996798038 0.0002340977 TESS
3792.1031598967 0.9996409416 0.0002546662 TESS
3792.1052432300 1.0001125336 0.0002987525 TESS
3794.8489932300 0.9995892048 0.0005934097 TESS
3794.8510765634 1.0004197359 0.0002341878 TESS
3794.8531598967 1.0004621744 0.0002547743 TESS
3794.8552432300 1.0003703833 0.0002341812 TESS
3794.8573265634 1.0000360012 0.0002547004 TESS
3794.8594098967 1.0001659393 0.0002341768 TESS
3794.8614932300 0.9999021292 0.0002547354 TESS
3794.8635765634 0.9998973608 0.0002341456 TESS
3794.8656598967 0.9996242523 0.0002546684 TESS
3794.8677432300 0.9997879267 0.0002341459 TESS
3794.8698265634 1.0006246567 0.0002548313 TESS
3794.8719098967 1.0001854897 0.0002341903 TESS
3794.8739932300 1.0003534555 0.0002547390 TESS
3794.8760765634 1.0001143217 0.0002341593 TESS
3794.8781598967 1.0000249147 0.0002547042 TESS
3794.8802432300 1.0002633333 0.0002341848 TESS
3794.8823265634 1.0005476475 0.0002548330 TESS
3794.8844098967 1.0005006790 0.0002341953 TESS
3794.8864932300 1.0001035929 0.0002547265 TESS
3794.8885765634 1.0007944107 0.0002342488 TESS
3794.8906598967 1.0005692244 0.0002548006 TESS
3794.8927432300 0.9999548197 0.0002341629 TESS
3794.8948265634 1.0000994205 0.0002547303 TESS
3794.8969098967 0.9999975562 0.0002341686 TESS
3794.8989932300 1.0003973246 0.0002547702 TESS
3794.9010765634 0.9996486902 0.0002341440 TESS
3794.9031598967 1.0000402927 0.0002547330 TESS
3794.9052432300 0.9998125434 0.0002341391 TESS
3794.9073265634 0.9993432760 0.0002546629 TESS
3794.9094098967 1.0003215075 0.0002342156 TESS
3794.9114932300 1.0001659393 0.0002547568 TESS
3794.9135765634 1.0003548861 0.0002342112 TESS
3794.9156598967 1.0002523661 0.0002547447 TESS
3794.9177432300 1.0002259016 0.0002342979 TESS
3794.9198265634 0.9997082949 0.0002546944 TESS
3794.9219098967 1.0001311302 0.0002341609 TESS
3794.9239932300 1.0000852346 0.0002547458 TESS
3794.9260765634 1.0007090569 0.0002342173 TESS
3794.9281598967 1.0005280972 0.0002547839 TESS
3794.9302432300 1.0000191927 0.0002341722 TESS
3794.9323265634 1.0005697012 0.0002547810 TESS
3794.9344098967 0.9997494221 0.0002341651 TESS
3794.9364932300 1.0006719828 0.0002548024 TESS
3794.9385765634 0.9998706579 0.0002341574 TESS
3794.9406598967 0.9998868704 0.0002547517 TESS
3794.9427432300 0.9997372031 0.0002341440 TESS
3794.9448265634 0.9995719790 0.0002546818 TESS
3794.9469098967 1.0000643730 0.0002341578 TESS
3794.9489932300 0.9999176860 0.0002546960 TESS
3794.9510765634 1.0001275539 0.0002341935 TESS
3794.9531598967 1.0003334284 0.0002547631 TESS
3794.9552432300 1.0005010366 0.0002342152 TESS
3794.9573265634 0.9999672174 0.0002547093 TESS
3794.9594098967 0.9994995594 0.0002340944 TESS
3794.9614932300 1.0000746250 0.0002547393 TESS
3794.9635765634 0.9994767904 0.0002341058 TESS
3794.9656598967 0.9998000860 0.0002546990 TESS
3794.9677432300 1.0002295971 0.0002341817 TESS
3794.9698265634 1.0000671148 0.0002547299 TESS
3794.9719098967 0.9999847412 0.0002341616 TESS
3794.9739932300 1.0001890659 0.0002547524 TESS
3794.9760765634 0.9999509454 0.0002341732 TESS
3794.9781598967 1.0000553131 0.0002547380 TESS
3794.9802432300 0.9997401834 0.0002341489 TESS
3794.9823265634 1.0003453493 0.0002547318 TESS
3794.9844098967 1.0000941753 0.0002341519 TESS
3794.9864932300 0.9999287724 0.0002547240 TESS
3794.9885765634 1.0002461672 0.0002341801 TESS
3794.9906598967 0.9997799993 0.0002671619 TESS
3794.9927432300 0.9998104572 0.0002341387 TESS
3794.9948265634 1.0003913641 0.0002547734 TESS
3794.9969098967 0.9999362826 0.0002341417 TESS
3794.9989932300 1.0000488758 0.0002547338 TESS
3795.0010765634 0.9997094870 0.0002342649 TESS
3795.0031598967 1.0000021458 0.0002547040 TESS
3795.0052432300 1.0000975132 0.0002341875 TESS
3795.0073265634 0.9996347427 0.0002546560 TESS
3795.0094098967 0.9995858669 0.0002341314 TESS
3795.0114932300 0.9998993874 0.0002547015 TESS
3795.0135765634 0.9992606640 0.0002340706 TESS
3795.0156598967 0.9982631803 0.0002545321 TESS
3795.0177432300 0.9980530143 0.0002339251 TESS
3795.0198265634 0.9965232015 0.0002543427 TESS
3795.0219098967 0.9962274432 0.0002337719 TESS
3795.0239932300 0.9958057404 0.0002542532 TESS
3795.0260765634 0.9958813190 0.0002337329 TESS
3795.0281598967 0.9955099225 0.0002542040 TESS
3795.0302432300 0.9953836799 0.0002336561 TESS
3795.0323265634 0.9958500862 0.0002542156 TESS
3795.0344098967 0.9955507517 0.0002337340 TESS
3795.0364932300 0.9954743385 0.0002542166 TESS
3795.0385765634 0.9949285388 0.0002336281 TESS
3795.0406598967 0.9953217506 0.0002542072 TESS
3795.0427432300 0.9949511886 0.0002336170 TESS
3795.0448265634 0.9950644374 0.0002541758 TESS
3795.0469098967 0.9952356219 0.0002336578 TESS
3795.0489932300 0.9950549006 0.0002541861 TESS
3795.0510765634 0.9954044223 0.0002336817 TESS
3795.0531598967 0.9955380559 0.0002542233 TESS
3795.0552432300 0.9952527881 0.0002336521 TESS
3795.0573265634 0.9948588610 0.0002541318 TESS
3795.0594098967 0.9948858619 0.0002336296 TESS
3795.0614932300 0.9950977564 0.0002541846 TESS
3795.0635765634 0.9945631027 0.0002335741 TESS
3795.0656598967 0.9945051074 0.0002541049 TESS
3795.0677432300 0.9945543408 0.0002336019 TESS
3795.0698265634 0.9943268895 0.0002540654 TESS
3795.0719098967 0.9942899942 0.0002335688 TESS
3795.0739932300 0.9945319891 0.0002541308 TESS
3795.0760765634 0.9945998788 0.0002336076 TESS
3795.0781598967 0.9944211245 0.0002541226 TESS
3795.0802432300 0.9947832227 0.0002336213 TESS
3795.0823265634 0.9948210716 0.0002541305 TESS
3795.0844098967 0.9950467944 0.0002336352 TESS
3795.0864932300 0.9952944517 0.0002542017 TESS
3795.0885765634 0.9945306778 0.0002335988 TESS
3795.0906598967 0.9937443733 0.0002540293 TESS
3795.0927432300 0.9944916368 0.0002336128 TESS
3795.0948265634 0.9945106506 0.0002541285 TESS
3795.0969098967 0.9943639636 0.0002335713 TESS
3795.0989932300 0.9945443869 0.0002541356 TESS
3795.1010765634 0.9950351119 0.0002337077 TESS
3795.1031598967 0.9946815372 0.0002541576 TESS
3795.1052432300 0.9951220155 0.0002336310 TESS
3795.1073265634 0.9947686195 0.0002541097 TESS
3795.1094098967 0.9946283102 0.0002335978 TESS
3795.1114932300 0.9944493175 0.0002540815 TESS
3795.1135765634 0.9949314594 0.0002336033 TESS
3795.1156598967 0.9946824312 0.0002541166 TESS
3795.1177432300 0.9946829081 0.0002336279 TESS
3795.1198265634 0.9949343801 0.0002665978 TESS
3795.1219098967 0.9950580597 0.0002336737 TESS
3795.1239932300 0.9944441915 0.0002540987 TESS
3795.1260765634 0.9945823550 0.0002335878 TESS
3795.1281598967 0.9943776131 0.0002540919 TESS
3795.1302432300 0.9946508408 0.0002336268 TESS
3795.1323265634 0.9942818880 0.0002541121 TESS
3795.1344098967 0.9947323203 0.0002336198 TESS
3795.1364932300 0.9946749806 0.0002541146 TESS
3795.1385765634 0.9947029352 0.0002336099 TESS
3795.1406598967 0.9949415922 0.0002541108 TESS
3795.1427432300 0.9944092035 0.0002335824 TESS
3795.1448265634 0.9943634868 0.0002540758 TESS
3795.1469098967 0.9947721958 0.0002336302 TESS
3795.1489932300 0.9947417974 0.0002541090 TESS
3795.1510765634 0.9946880341 0.0002336167 TESS
3795.1531598967 0.9947295189 0.0002540926 TESS
3795.1552432300 0.9950821400 0.0002336264 TESS
3795.1573265634 0.9953505397 0.0002541885 TESS
3795.1594098967 0.9951568246 0.0002336270 TESS
3795.1614932300 0.9948218465 0.0002541224 TESS
3795.1635765634 0.9949616790 0.0002336248 TESS
3795.1656598967 0.9950847626 0.0002542359 TESS
3795.1677432300 0.9955589175 0.0002336957 TESS
3795.1698265634 0.9955474138 0.0002541903 TESS
3795.1719098967 0.9951091409 0.0002336199 TESS
3795.1739932300 0.9955137968 0.0002542284 TESS
3795.1760765634 0.9958917499 0.0002337329 TESS
3795.1781598967 0.9951195717 0.0002541588 TESS
3795.1802432300 0.9956327081 0.0002336863 TESS
3795.1823265634 0.9957815409 0.0002542556 TESS
3795.1844098967 0.9960570931 0.0002337454 TESS
3795.1864932300 0.9961713552 0.0002542601 TESS
3795.1885765634 0.9973738194 0.0002338889 TESS
3795.1906598967 0.9982627034 0.0002669943 TESS
3795.1927432300 0.9989951849 0.0002340473 TESS
3795.1948265634 0.9994101524 0.0002546412 TESS
3795.1969098967 1.0000331402 0.0002341446 TESS
3795.1989932300 1.0000489950 0.0002672265 TESS
3795.2010765634 1.0002659559 0.0002342297 TESS
3795.2031598967 1.0001068115 0.0002547180 TESS
3795.2052432300 0.9997567534 0.0002341361 TESS
3795.2073265634 1.0005207062 0.0002547612 TESS
3795.2094098967 0.9998679757 0.0002341285 TESS
3795.2114932300 0.9994689226 0.0002546807 TESS
3795.2135765634 0.9999546409 0.0002341534 TESS
3795.2156598967 1.0007447004 0.0002548028 TESS
3795.2177432300 0.9997680187 0.0002341210 TESS
3795.2198265634 1.0004907846 0.0002547293 TESS
3795.2219098967 1.0003805161 0.0002341769 TESS
3795.2239932300 1.0003678799 0.0002547300 TESS
3795.2260765634 0.9997152090 0.0002342330 TESS
3795.2281598967 0.9997353554 0.0002546950 TESS
3795.2302432300 0.9996965528 0.0002341249 TESS
3795.2323265634 0.9997907877 0.0002546765 TESS
3795.2344098967 0.9998805523 0.0002341233 TESS
3795.2364932300 1.0006682873 0.0002547807 TESS
3795.2385765634 0.9998131394 0.0002341317 TESS
3795.2406598967 0.9995012283 0.0002546522 TESS
3795.2427432300 1.0004861355 0.0002342122 TESS
3795.2448265634 0.9998073578 0.0002547266 TESS
3795.2469098967 1.0003889799 0.0002341831 TESS
3795.2489932300 1.0001094341 0.0002547397 TESS
3795.2510765634 1.0002267361 0.0002341562 TESS
3795.2531598967 0.9998707771 0.0002547107 TESS
3795.2552432300 0.9997130036 0.0002341484 TESS
3795.2573265634 0.9997051358 0.0002547347 TESS
3795.2594098967 0.9997648001 0.0002344409 TESS
3795.2614932300 0.9994491339 0.0002547208 TESS
3795.2635765634 0.9998177886 0.0002341384 TESS
3795.2656598967 1.0003243685 0.0002547458 TESS
3795.2677432300 0.9996101856 0.0002341207 TESS
3795.2698265634 1.0005848408 0.0002547626 TESS
3795.2719098967 0.9994711280 0.0002342789 TESS
3795.2739932300 1.0001637936 0.0002547516 TESS
3795.2760765634 0.9999824762 0.0002341534 TESS
3795.2781598967 0.9998893738 0.0002546897 TESS
3795.2802432300 1.0000615120 0.0002341434 TESS
3795.2823265634 0.9996972084 0.0002546846 TESS
3795.2844098967 0.9995788932 0.0002341527 TESS
3795.2864932300 1.0000675917 0.0002547314 TESS
3795.2885765634 0.9995836020 0.0002340981 TESS
3795.2906598967 0.9994913340 0.0002546776 TESS
3795.2927432300 1.0001441240 0.0002341484 TESS
3795.2948265634 1.0001745224 0.0002547698 TESS
3795.2969098967 1.0000623465 0.0002342067 TESS
3795.2989932300 0.9993535280 0.0002547148 TESS
3795.3010765634 1.0003172159 0.0002341752 TESS
3795.3031598967 0.9997358322 0.0002546676 TESS
3795.3052432300 0.9995244741 0.0002340777 TESS
3795.3073265634 1.0001662970 0.0002547493 TESS
3795.3094098967 0.9995568991 0.0002341202 TESS
3795.3114932300 1.0002200603 0.0002547759 TESS
3795.3135765634 1.0000352859 0.0002341630 TESS
3795.3156598967 0.9997679591 0.0002547483 TESS
3795.3177432300 1.0002280474 0.0002341953 TESS
3795.3198265634 0.9995470047 0.0002546588 TESS
3795.3219098967 1.0001975298 0.0002341971 TESS
3795.3239932300 1.0000658035 0.0002547242 TESS
3795.3260765634 0.9999275208 0.0002434829 TESS
3795.3281598967 1.0002145767 0.0002547647 TESS
3795.3302432300 1.0002626181 0.0002341794 TESS
3795.3323265634 0.9996311069 0.0002546838 TESS
3795.3344098967 1.0003074408 0.0002341727 TESS
3795.3364932300 1.0000431538 0.0002547420 TESS
3795.3385765634 0.9999307394 0.0002434970 TESS
3795.3406598967 0.9999805689 0.0002547093 TESS
3795.3427432300 1.0001177788 0.0002341426 TESS
3795.3448265634 0.9999663234 0.0002547105 TESS
3795.3469098967 0.9999963641 0.0002341408 TESS
3795.3489932300 1.0003837347 0.0002547564 TESS
3795.3510765634 1.0003699064 0.0002341726 TESS
3795.3531598967 0.9999264479 0.0002547115 TESS
3795.3552432300 1.0002753735 0.0002341676 TESS
3795.3573265634 1.0001842976 0.0002547307 TESS
3795.3594098967 1.0001266003 0.0002987427 TESS
3798.1031598967 0.9998983145 0.0003476355 TESS
3798.1052432300 1.0004398823 0.0002571854 TESS
3798.1073265634 0.9999524951 0.0002363470 TESS
3798.1094098967 0.9998639226 0.0002570783 TESS
3798.1114932300 1.0000201464 0.0002363579 TESS
3798.1135765634 1.0000798702 0.0002571011 TESS
3798.1156598967 1.0007761717 0.0002364300 TESS
3798.1177432300 1.0001933575 0.0002571342 TESS
3798.1198265634 1.0005023479 0.0002458670 TESS
3798.1219098967 1.0002565384 0.0002571602 TESS
3798.1239932300 0.9998972416 0.0002363514 TESS
3798.1260765634 1.0000612736 0.0002571344 TESS
3798.1281598967 1.0000153780 0.0002363737 TESS
3798.1302432300 1.0003477335 0.0002572105 TESS
3798.1323265634 1.0001384020 0.0002363907 TESS
3798.1344098967 1.0001235008 0.0002572053 TESS
3798.1364932300 1.0004577637 0.0002364058 TESS
3798.1385765634 1.0005577803 0.0002571882 TESS
3798.1406598967 1.0002995729 0.0002364204 TESS
3798.1427432300 1.0002028942 0.0002571855 TESS
3798.1448265634 1.0004433393 0.0002364273 TESS
3798.1469098967 0.9994103312 0.0002571240 TESS
3798.1489932300 1.0007671118 0.0002364887 TESS
3798.1510765634 1.0002337694 0.0002572355 TESS
3798.1531598967 0.9999263287 0.0002364094 TESS
3798.1552432300 1.0004370213 0.0002572447 TESS
3798.1573265634 1.0002709627 0.0002364551 TESS
3798.1594098967 1.0001138449 0.0002572263 TESS
3798.1614932300 1.0003026724 0.0002364691 TESS
3798.1635765634 1.0006325245 0.0002572565 TESS
3798.1656598967 1.0002923012 0.0002364919 TESS
3798.1677432300 0.9996021390 0.0002571836 TESS
3798.1698265634 1.0002795458 0.0002364904 TESS
3798.1719098967 1.0001332760 0.0002572282 TESS
3798.1739932300 1.0003081560 0.0002364981 TESS
3798.1760765634 1.0003924370 0.0002572603 TESS
3798.1781598967 1.0004829168 0.0002365254 TESS
3798.1802432300 1.0002397299 0.0002573047 TESS
3798.1823265634 1.0000644922 0.0002364668 TESS
3798.1844098967 1.0003291368 0.0002572882 TESS
3798.1864932300 0.9997146130 0.0002364592 TESS
3798.1885765634 0.9999381304 0.0002572809 TESS
3798.1906598967 1.0001119375 0.0002365242 TESS
3798.1927432300 1.0004204512 0.0002573284 TESS
3798.1948265634 1.0003067255 0.0002365225 TESS
3798.1969098967 1.0001015663 0.0002573125 TESS
3798.1989932300 1.0003895760 0.0002365884 TESS
3798.2010765634 1.0001623631 0.0002573390 TESS
3798.2031598967 1.0004857779 0.0002366326 TESS
3798.2052432300 0.9999945760 0.0002573164 TESS
3798.2073265634 1.0005432367 0.0002366153 TESS
3798.2094098967 0.9999896288 0.0002573190 TESS
3798.2114932300 0.9997978806 0.0002365444 TESS
3798.2135765634 1.0001935959 0.0002573554 TESS
3798.2156598967 1.0001468658 0.0002366043 TESS
3798.2177432300 1.0001654625 0.0002574083 TESS
3798.2198265634 1.0004010201 0.0002366105 TESS
3798.2219098967 1.0003947020 0.0002574249 TESS
3798.2239932300 1.0002951622 0.0002365998 TESS
3798.2260765634 1.0012716055 0.0002575223 TESS
3798.2281598967 1.0004200935 0.0002366616 TESS
3798.2302432300 1.0002593994 0.0002574173 TESS
3798.2323265634 1.0001555681 0.0002365993 TESS
3798.2344098967 1.0004508495 0.0002574508 TESS
3798.2364932300 1.0003235340 0.0002366592 TESS
3798.2385765634 1.0001671314 0.0002574704 TESS
3798.2406598967 1.0006604195 0.0002367041 TESS
3798.2427432300 1.0002510548 0.0002574583 TESS
3798.2448265634 1.0007526875 0.0002367101 TESS
3798.2469098967 1.0006171465 0.0002575313 TESS
3798.2489932300 1.0002049208 0.0002366716 TESS
3798.2510765634 0.9998656511 0.0002574161 TESS
3798.2531598967 1.0005089045 0.0002366997 TESS
3798.2552432300 0.9999044538 0.0002574628 TESS
3798.2573265634 0.9999534488 0.0002366718 TESS
3798.2594098967 1.0002851486 0.0002574654 TESS
3798.2614932300 1.0002940893 0.0002367304 TESS
3798.2635765634 0.9995098114 0.0002574042 TESS
3798.2656598967 0.9991962314 0.0002365854 TESS
3798.2677432300 0.9990531206 0.0002573092 TESS
3798.2698265634 0.9976686239 0.0002364277 TESS
3798.2719098967 0.9972459078 0.0002571294 TESS
3798.2739932300 0.9964740276 0.0002363101 TESS
3798.2760765634 0.9959276319 0.0002569770 TESS
3798.2781598967 0.9956817627 0.0002362130 TESS
3798.2802432300 0.9956491590 0.0002569451 TESS
3798.2823265634 0.9960626960 0.0002362790 TESS
3798.2844098967 0.9956396818 0.0002569626 TESS
3798.2864932300 0.9953206778 0.0002361794 TESS
3798.2885765634 0.9955784678 0.0002569295 TESS
3798.2906598967 0.9955728650 0.0002362110 TESS
3798.2927432300 0.9953892827 0.0002569461 TESS
3798.2948265634 0.9956288934 0.0002362380 TESS
3798.2969098967 0.9959181547 0.0002569835 TESS
3798.2989932300 0.9959133267 0.0002456879 TESS
3798.3010765634 0.9957042933 0.0002569551 TESS
3798.3031598967 0.9953931570 0.0002361694 TESS
3798.3052432300 0.9950972795 0.0002568673 TESS
3798.3073265634 0.9956089258 0.0002361912 TESS
3798.3094098967 0.9956725836 0.0002570157 TESS
3798.3114932300 0.9955975413 0.0002455959 TESS
3798.3135765634 0.9948359728 0.0002568713 TESS
3798.3156598967 0.9953960180 0.0002361854 TESS
3798.3177432300 0.9952019453 0.0002569034 TESS
3798.3198265634 0.9949600697 0.0002361420 TESS
3798.3219098967 0.9951063395 0.0002568685 TESS
3798.3239932300 0.9950407147 0.0002361245 TESS
3798.3260765634 0.9949995875 0.0002568855 TESS
3798.3281598967 0.9948022962 0.0002361115 TESS
3798.3302432300 0.9949105978 0.0002568502 TESS
3798.3323265634 0.9950227737 0.0002361158 TESS
3798.3344098967 0.9951269031 0.0002568741 TESS
3798.3364932300 0.9948837161 0.0002360858 TESS
3798.3385765634 0.9952629209 0.0002568784 TESS
3798.3406598967 0.9949648380 0.0002361125 TESS
3798.3427432300 0.9943758249 0.0002567914 TESS
3798.3448265634 0.9942826629 0.0002360367 TESS
3798.3469098967 0.9948229790 0.0002568191 TESS
3798.3489932300 0.9949228764 0.0002360919 TESS
3798.3510765634 0.9952826500 0.0002568812 TESS
3798.3531598967 0.9944835305 0.0002360741 TESS
3798.3552432300 0.9945971370 0.0002568210 TESS
3798.3573265634 0.9948199987 0.0002360963 TESS
3798.3594098967 0.9947390556 0.0002568299 TESS
3798.3614932300 0.9950931072 0.0002361215 TESS
3798.3635765634 0.9955821037 0.0002569156 TESS
3798.3656598967 0.9949082732 0.0002361292 TESS
3798.3677432300 0.9951036572 0.0002568865 TESS
3798.3698265634 0.9954599142 0.0002361665 TESS
3798.3719098967 0.9948838949 0.0002568525 TESS
3798.3739932300 0.9947435260 0.0002360927 TESS
3798.3760765634 0.9954368472 0.0002569061 TESS
3798.3781598967 0.9949887991 0.0002361214 TESS
3798.3802432300 0.9944575429 0.0002568250 TESS
3798.3823265634 0.9958846569 0.0002362378 TESS
3798.3844098967 0.9953697920 0.0002569004 TESS
3798.3864932300 0.9954232574 0.0002363360 TESS
3798.3885765634 0.9949215651 0.0002568885 TESS
3798.3906598967 0.9949046969 0.0002361630 TESS
3798.3927432300 0.9949299693 0.0002569354 TESS
3798.3948265634 0.9946861267 0.0002361339 TESS
3798.3969098967 0.9951111078 0.0002569291 TESS
3798.3989932300 0.9955528378 0.0002362506 TESS
3798.4010765634 0.9950590134 0.0002569609 TESS
3798.4031598967 0.9948859811 0.0002362074 TESS
3798.4052432300 0.9948968887 0.0002569697 TESS
3798.4073265634 0.9953220487 0.0002362465 TESS
3798.4094098967 0.9952384830 0.0002570278 TESS
3798.4114932300 0.9952936769 0.0002362733 TESS
3798.4135765634 0.9954130054 0.0002570294 TESS
3798.4156598967 0.9956058264 0.0002362874 TESS
3798.4177432300 0.9954346418 0.0002570874 TESS
3798.4198265634 0.9952488542 0.0002363059 TESS
3798.4219098967 0.9955903888 0.0002570883 TESS
3798.4239932300 0.9954953790 0.0002363393 TESS
3798.4260765634 0.9957084656 0.0002571437 TESS
3798.4281598967 0.9961504340 0.0002365496 TESS
3798.4302432300 0.9957348704 0.0002571784 TESS
3798.4323265634 0.9967681766 0.0002365708 TESS
3798.4344098967 0.9957191348 0.0002571979 TESS
3798.4364932300 0.9960714579 0.0002364995 TESS
3798.4385765634 0.9969051480 0.0002573424 TESS
3798.4406598967 0.9973638654 0.0002366141 TESS
3798.4427432300 0.9981169105 0.0002701272 TESS
3798.4448265634 0.9993838668 0.0002368669 TESS
3798.4469098967 0.9998338819 0.0002577128 TESS
3798.4489932300 1.0004019737 0.0002369782 TESS
3798.4510765634 0.9999472499 0.0002577421 TESS
3798.4531598967 1.0001893044 0.0002369718 TESS
3798.4552432300 1.0002319813 0.0002578308 TESS
3798.4573265634 0.9999228120 0.0002369546 TESS
3798.4594098967 1.0002424717 0.0002578186 TESS
3798.4614932300 1.0000965595 0.0002370241 TESS
3798.4635765634 1.0007226467 0.0002579028 TESS
3798.4656598967 1.0001889467 0.0002370564 TESS
3798.4677432300 1.0000350475 0.0002578940 TESS
3798.4698265634 1.0004868507 0.0002371101 TESS
3798.4719098967 0.9997636080 0.0002578947 TESS
3798.4739932300 1.0001772642 0.0002371096 TESS
3798.4760765634 1.0002118349 0.0002579644 TESS
3798.4781598967 1.0004216433 0.0002371401 TESS
3798.4802432300 1.0001312494 0.0002579356 TESS
3798.4823265634 0.9999191761 0.0002372285 TESS
3798.4844098967 1.0002027750 0.0002580086 TESS
3798.4864932300 1.0002398491 0.0002372096 TESS
3798.4885765634 1.0003740788 0.0002580971 TESS
3798.4906598967 1.0001949072 0.0002371902 TESS
3798.4927432300 1.0005042553 0.0002580965 TESS
3798.4948265634 1.0006227493 0.0002372904 TESS
3798.4969098967 1.0004198551 0.0002581120 TESS
3798.4989932300 1.0004243851 0.0002372816 TESS
3798.5010765634 1.0007444620 0.0002581471 TESS
3798.5031598967 1.0008115768 0.0002373403 TESS
3798.5052432300 1.0004732609 0.0002581831 TESS
3798.5073265634 1.0000582933 0.0002373004 TESS
3798.5094098967 1.0002284050 0.0002708178 TESS
3798.5114932300 1.0005228519 0.0002373900 TESS
3798.5135765634 1.0001302958 0.0002581904 TESS
3798.5156598967 1.0002629757 0.0002373954 TESS
3798.5177432300 1.0004522800 0.0002582675 TESS
3798.5198265634 1.0003795624 0.0002374339 TESS
3798.5219098967 1.0004138947 0.0002582733 TESS
3798.5239932300 0.9998183846 0.0002373652 TESS
3798.5260765634 0.9998834729 0.0002582241 TESS
3798.5281598967 1.0005042553 0.0002374577 TESS
3798.5302432300 1.0003924370 0.0002583021 TESS
3798.5323265634 1.0004492998 0.0002374921 TESS
3798.5344098967 1.0009422302 0.0002710945 TESS
3798.5364932300 0.9999345541 0.0002374459 TESS
3798.5385765634 1.0001475811 0.0002583578 TESS
3798.5406598967 1.0007053614 0.0002376095 TESS
3798.5427432300 1.0006099939 0.0002584279 TESS
3798.5448265634 1.0004029274 0.0002375744 TESS
3798.5469098967 1.0004060268 0.0002584267 TESS
3798.5489932300 1.0001001358 0.0002375255 TESS
3798.5510765634 1.0007503033 0.0002585184 TESS
3798.5531598967 1.0002791882 0.0002376280 TESS
3798.5552432300 1.0003852844 0.0002584786 TESS
3798.5573265634 1.0001873970 0.0002376232 TESS
3798.5594098967 0.9998105168 0.0002585203 TESS
3798.5614932300 1.0001829863 0.0002376695 TESS
3798.5635765634 1.0003337860 0.0002585598 TESS
3798.5656598967 1.0004265308 0.0002377043 TESS
3798.5677432300 1.0001353025 0.0002585606 TESS
3798.5698265634 1.0002840757 0.0002377068 TESS
3798.5719098967 1.0000479221 0.0002585881 TESS
3798.5739932300 1.0003995895 0.0002377400 TESS
3798.5760765634 0.9996955991 0.0002585965 TESS
3798.5781598967 1.0002503395 0.0002377681 TESS
3798.5802432300 1.0006045103 0.0002586626 TESS
3798.5823265634 1.0005959272 0.0002378389 TESS
3798.5844098967 1.0004960299 0.0002587299 TESS
3798.5864932300 0.9998875260 0.0002377904 TESS
3798.5885765634 1.0004484653 0.0002587496 TESS
3798.5906598967 0.9998781681 0.0002378564 TESS
3798.5927432300 1.0001803637 0.0002587419 TESS
3798.5948265634 1.0002125502 0.0002378862 TESS
3798.5969098967 1.0000212193 0.0002714418 TESS
3798.5989932300 1.0008603334 0.0002380037 TESS
3798.6010765634 0.9997865558 0.0002587884 TESS
3798.6031598967 1.0006130934 0.0002379653 TESS
3798.6052432300 1.0008357763 0.0002589498 TESS
3798.6073265634 1.0004742146 0.0002380326 TESS
3798.6094098967 1.0003539324 0.0002589352 TESS
3798.6114932300 1.0003427267 0.0002379902 TESS
3798.6135765634 0.9997907281 0.0004265916 TESS
